LINHAS = 32
COLUNAS = 32
651 715 991 962 300 291 287 204 563 525 443 815 676 547 255 806 135 858 480 661 336 71 674 735 77 414 429 53 248 534 915 251 
250 906 565 902 197 852 106 113 377 549 280 405 96 887 211 583 745 44 245 434 115 919 521 544 333 950 597 933 485 512 536 87 
419 101 989 968 953 95 433 683 996 713 88 444 953 300 380 698 696 625 484 811 896 5 355 581 956 304 867 793 817 403 232 588 
505 221 908 810 668 342 493 664 407 582 460 360 234 840 411 930 465 895 93 713 253 800 647 209 104 514 354 273 917 586 213 774 
159 474 585 827 168 78 491 575 12 951 288 598 144 51 880 609 298 973 675 551 125 322 112 230 836 466 855 105 404 69 880 563 
543 465 390 63 895 233 638 260 537 278 858 681 681 91 642 980 416 317 531 542 991 644 772 179 462 979 285 219 400 517 782 295 
334 525 358 229 758 997 841 295 627 700 328 309 791 971 289 207 640 172 101 632 168 225 811 983 205 448 202 605 965 336 901 299 
861 259 881 972 608 722 619 588 422 948 897 565 919 538 125 911 62 578 543 231 804 707 214 9 155 768 614 121 104 867 420 966 
127 301 938 87 24 557 675 798 857 924 716 128 814 193 40 877 771 935 108 575 642 674 936 798 442 903 271 898 770 691 216 249 
345 506 689 721 416 364 871 273 641 939 402 455 484 442 332 256 377 792 183 20 466 472 170 260 375 441 511 145 484 727 747 181 
234 436 902 650 152 126 923 793 65 677 249 550 119 933 158 849 726 693 221 544 165 391 157 540 184 668 38 668 747 785 850 981 
573 104 983 725 230 259 519 296 936 120 198 408 405 356 257 131 49 830 28 215 221 185 107 757 205 145 777 952 282 979 286 855 
84 621 581 666 880 452 314 169 924 512 577 329 220 186 813 270 16 841 837 589 378 944 346 583 442 475 887 724 455 525 932 891 
147 865 557 27 669 224 196 593 88 125 274 309 311 87 931 679 280 768 268 658 64 966 593 858 442 833 935 897 358 867 140 505 
84 49 885 753 273 433 698 362 559 972 23 222 412 954 902 44 74 170 55 490 489 0 349 931 833 284 180 544 503 320 49 587 
369 286 692 995 720 390 709 631 714 732 853 478 686 107 523 112 630 930 602 119 930 303 50 764 587 582 308 442 902 709 381 623 
996 73 618 68 463 327 699 178 411 904 8 449 364 531 561 994 461 164 113 744 819 515 508 759 97 168 201 351 877 583 974 225 
656 593 645 472 272 696 2 36 601 10 485 317 894 47 311 355 563 776 99 382 291 959 141 740 127 695 91 357 278 65 934 286 
10 580 110 635 276 112 671 229 123 156 546 17 555 209 724 118 985 176 853 628 487 346 720 967 41 811 324 671 229 610 310 591 
190 420 578 819 533 601 400 8 110 947 25 665 508 101 136 494 629 989 474 117 687 195 84 729 358 760 400 939 370 62 531 913 
483 461 84 368 63 484 376 173 431 753 838 940 854 326 786 484 667 612 953 355 807 37 84 166 797 836 105 519 251 988 784 734 
450 868 102 513 353 830 38 136 583 228 428 789 555 214 625 222 827 578 929 986 967 365 504 764 202 610 636 453 950 420 539 752 
289 993 617 994 823 655 130 406 884 559 195 439 125 821 13 304 751 943 291 719 308 795 835 862 757 471 667 708 244 206 812 885 
199 430 879 22 85 361 780 969 920 976 760 46 149 774 350 252 717 993 971 377 789 807 240 898 630 907 958 874 466 771 111 17 
201 342 392 286 704 172 608 976 500 368 374 1 494 77 254 563 70 225 941 211 384 533 110 15 792 68 241 610 191 705 628 744 
47 20 31 751 544 991 80 397 711 454 398 206 531 652 121 602 230 62 813 614 947 275 981 740 696 575 350 887 280 978 632 679 
350 15 783 247 358 863 644 69 317 394 627 849 47 749 803 629 163 968 595 111 244 929 851 292 504 201 531 136 532 515 815 234 
882 598 833 240 461 829 662 131 224 289 332 623 390 135 252 554 455 199 665 51 128 868 343 632 421 875 768 305 742 936 892 625 
534 725 865 348 555 879 831 131 169 163 754 911 650 6 465 105 205 482 157 686 702 852 318 124 79 439 781 822 727 673 447 613 
751 664 961 658 544 792 789 65 307 543 976 957 901 794 415 458 276 572 144 331 424 815 455 504 606 588 678 333 262 125 946 365 
789 260 23 685 404 164 750 712 59 727 21 960 521 436 770 149 360 915 480 785 82 287 641 688 876 319 373 490 796 319 855 937 
579 230 623 336 394 373 48 805 452 69 765 973 858 887 475 218 154 955 355 236 595 996 276 471 667 649 961 463 321 168 753 252 
