LINHAS = 64
COLUNAS = 64
12421189 13477011 11047533 14704207 13948716 13903319 14365565 13817229 13627495 14945252 14046525 11793266 14703991 12529100 13385037 12965173 12936344 13898721 14784468 12743760 14552655 13213431 13860472 13056190 12738111 13542629 12739014 14706189 14504689 11953199 13981606 14171188 13553347 13396299 15000155 13960637 13206489 13576002 12599213 15576161 13414598 12838261 14400662 13791797 15219119 15017614 12345903 16412276 12295520 13966672 15470486 14461525 14713401 13263672 13394744 13418379 15965769 14438728 14852422 12658498 12421054 13913338 13415595 15194492 
15289089 14947943 12703705 15664729 16666523 16517371 16323960 15349154 14771888 14623366 16599099 13444413 17670020 15695117 15416318 13003085 13817269 15846451 16140273 14813714 15337720 13693556 17119441 15788076 15451500 14663707 13152401 15816469 14129333 13602177 16893573 15224168 14597221 14277799 14737418 14663764 16181554 14694859 13889667 15286393 14066035 14950937 15375731 14136246 18363975 14895820 15451412 18407750 14233331 15360827 17903332 16823781 15472953 14762888 16032926 16085584 17070581 18156870 15249361 14320765 14246260 16301112 16991137 17044354 
13844703 12683461 11593535 13113099 15856454 14830920 14810171 12069651 12867068 14465555 14978904 12100895 14879911 13499109 13456713 12073739 11760941 14307599 13507119 14099843 13480123 12795352 15755316 13342684 12736791 14079075 11774482 15169121 12981936 12215623 14222518 14543454 12466824 12048225 14173147 13327035 14480806 12624002 13048775 13386782 13127601 13616180 12955455 13266712 16234953 14752922 13049072 16868513 11709899 13464401 14926668 13953348 14526528 12158643 13433842 16461924 15263275 15728264 14322263 13561175 12605879 14912054 13045756 15157694 
16794895 16084867 12724276 16037576 17268969 18140844 17579434 14748621 16293681 17330461 17566141 14820646 17447462 14764180 15380741 14148576 13647665 15919451 15367777 16161205 16002496 15414416 19642819 14515730 15328929 15610926 14583633 16724069 15538191 13435633 17769634 16568836 14960193 14075203 15493193 16789040 15368702 15779607 15109383 16847893 15820114 15399954 16184921 15217606 18618335 16325804 14567325 18454095 14203381 16151562 16835778 17049231 16183164 16068145 14772432 16688540 17047368 17565383 17608965 15077430 15158934 16552682 16267706 17673375 
14819593 14804629 14111118 16580067 16121251 16461405 15882956 16739501 16332715 14834514 14922706 12606745 17264354 15812464 15652023 13762799 12724025 15743331 15386728 14852355 14902667 13688929 15794160 14832179 13643268 15207966 15069453 16136433 15422529 12271898 16537815 15382284 15086736 12928172 14014497 15119800 15009540 15603763 13928018 14550651 13658868 13951839 15750201 16208305 17729032 15858373 14580974 17076658 13117668 14894279 15718091 16311491 15144064 15762246 15801155 15807548 17413763 16098849 15159655 15388386 15143203 15588828 15426512 16891914 
16217622 17656576 14451926 16245433 17641005 18333403 17794081 16640530 17395773 18379987 17764290 15913537 19059379 17869773 16413903 16097652 15834281 17079001 16809768 16512376 16141865 15058246 18484681 16334951 17329390 16626266 15974007 16576239 16693796 15037015 18478777 17486971 15525881 15870400 15651143 17166593 17250943 17385123 15353350 18238654 15557250 14708394 17018789 17404111 19959105 17513978 16257386 19688167 15225565 16835593 18250417 18549014 17628425 16571575 17451451 17004847 18259992 16035306 17835963 15833128 16583960 18127113 18066172 18615403 
17217494 16697838 14632412 14825936 16652304 17648422 17210514 16459740 17570315 17404617 17507963 15467844 18011322 17133825 15065403 15016991 14718971 16661885 16534070 16329187 15209162 15066637 20024338 15186871 15402929 16216780 15530739 17628544 15988089 14779590 17361397 17449776 16193355 13871195 17239494 17095836 17826942 15649972 14864402 16492952 15778281 14571638 17438415 16586031 18427831 16608048 15596947 18367973 15909526 15717896 19612157 17719148 18529045 16738593 14455005 16221477 17636732 17886205 18128177 16367257 14918033 17140099 16055272 18142380 
15549951 15219983 14801870 17115230 17922813 17034786 17741301 15106006 15932750 17124115 16921954 14781901 17901215 17293205 15984628 15762414 15262838 17344795 18306322 15810718 16063286 15410496 18157684 14789729 15273192 15791809 15075121 16547500 16182095 14318606 17364416 16434239 15345985 15590376 16288301 15384387 14768835 15847066 15242611 16422745 15737156 16778382 18406629 17414500 17530076 17716550 15775948 19675176 13894580 16405539 18305154 17723551 17367771 15041538 16490879 17473263 16646338 19117539 18186550 15225536 17057724 17839982 16304272 17079447 
17006872 15351341 14234809 16282101 17806388 18762583 17723366 15240021 16402737 19696600 16853512 15499512 18360950 17725544 16595582 14216561 15369825 16898154 16794022 16777075 16680605 15974566 19397347 14456519 16278647 17194204 15578538 17491345 18573626 14934308 17637751 17127696 15568157 15822851 17180717 15632499 16418340 17338542 15913495 16294848 16450750 15705999 18298747 17834790 19430489 16850371 15860639 19691217 15229120 15416557 18593090 18252487 16873323 14958006 16069585 18304473 18229870 17453899 18406984 16465372 17032546 16677530 16927359 18025519 
15621292 13594613 12527434 16058025 15273848 15449132 15983727 14749449 15739909 15778419 15499300 13842604 16047780 14993625 16090125 13518971 13233893 14344963 15337079 14680733 15499258 11934368 16485280 14560748 15335461 17216626 13524708 16007957 15155340 13389079 16218513 16153282 14989006 14028126 14050210 14600005 15800843 15049216 14448472 15853460 13603482 14280379 14997674 14691731 17152417 14633973 15033170 16660221 13089700 15130804 17157951 15784979 14010655 14528127 15249156 15971462 17485724 17780638 15071355 14633158 14121796 14888048 15893742 16221383 
15236309 15868283 13291044 14608021 15886374 16069743 16051526 16012429 15283492 15245571 16739711 14764599 16912674 15349703 14306450 13450625 13905515 14659357 15569636 14817446 14908269 13619875 17367376 15220132 15508311 13855801 13359984 15290376 14285735 13531543 16635975 15462610 13614824 13502987 15999005 15471874 14050341 14764777 15004211 15861756 14216655 14981968 15594622 13899102 16914526 14611093 13994507 16886105 13653241 14676908 17072302 15870091 15941560 14994019 14163702 15001904 16274603 16994701 14925440 14043740 14132884 16057455 15489554 16775012 
16025798 15506498 14752733 15805751 17459836 16666666 16885478 14670663 14724166 17742998 15733737 15270122 17295765 16617621 16300290 14448848 14029339 17255235 16270807 15332701 15120937 14373358 17888302 16462488 15570747 15247711 14992067 15345685 14488333 15149750 17031154 15416222 14915231 15707226 14494908 15493974 14706370 15335078 13658670 16963319 14757973 15146642 16729128 16059821 17064477 16240124 15737947 18293430 13996875 15910178 16877782 17441187 16377155 14639033 16111192 16763049 18773824 16198216 15030960 14652254 15938400 18398805 16797749 15036820 
15480695 14033611 14558720 16556868 18432604 16879694 16545361 15302612 16508464 17512099 16795443 14082836 17867817 15940034 16266367 14550560 13776730 15830290 16441582 15495704 14971278 14885113 15999555 15520788 15221555 16237165 16051563 16327594 16494791 14851102 17987630 15224208 15034531 15518585 15022778 15698234 16006020 16419413 14722873 17012139 14195188 15118307 15647894 17503579 17892368 17196346 15856842 18062481 15056519 16160958 17268531 17430412 16497592 15678115 16584540 16883820 17839914 17371255 15998818 13651779 16366166 16246460 15406356 16002573 
14210753 14601595 11888109 15266235 14706512 15061042 15593246 13835508 14755567 14818503 16009124 13514151 15405706 13999379 13788801 14792107 13614389 14978795 15556920 13444767 14730539 13957007 14819456 13603352 15109161 14233175 12646203 14966773 14987098 13936436 16538896 14326825 14062810 13471073 14550280 14665984 14643249 13945694 14106251 15959034 13021578 13182793 14027061 14252702 16442480 14977347 13945061 16238269 13398065 15057620 16679792 16060704 14934286 14321820 15000531 16436239 16549924 15275952 14520584 13053654 14022345 15157135 15024353 15079871 
15475484 15599617 13375433 16861826 17279069 17141019 16620886 15345136 16357941 17554048 17801237 14798954 18242746 15549425 15710845 14776503 15195034 15573524 17077926 15490300 16057410 14878288 17459016 15685420 14969700 15745998 15704839 17425446 15626221 14252775 17018118 16576357 14278361 14334658 14891998 16712916 15881350 15476722 15352656 16654105 14404286 14593875 15579309 16117241 18902208 16986998 14695170 19284215 15138606 16366581 18129451 16660013 16427271 15222447 16183032 16087930 17655489 17449166 17092392 14821900 14008256 16975276 16092336 17486990 
15125390 16165469 14599331 16534359 17667441 17999881 17385641 15461487 16640137 15561924 16897865 14127509 17639522 16840974 15818090 16581945 13973049 17361335 16880329 16106611 15485591 15908877 16591297 16571202 16792090 16305488 14490548 16473309 15003941 13286548 17435702 16619185 14055131 14401202 15014001 15022536 17228844 15352857 14868843 16494659 15274986 16090126 16014469 15575347 18712326 17108452 15575648 19374909 14358665 15758462 17793127 17748322 16962506 16185788 16575704 18448214 17039078 16849854 16812400 14791339 16362514 17690062 15857131 18007025 
16871477 15942952 13568952 16576939 17277020 17711158 16679678 16207439 15911380 15932244 17319623 14971224 16293698 15940190 16976527 14805479 14099958 15351816 15425106 15883732 15662959 13170869 17421422 14549261 17307229 16541998 14918847 16198733 16555134 13488515 18028971 17193820 16742200 14712609 15695635 15311490 16629309 16926350 14547071 15437236 14510467 15120326 16845926 15638282 19613386 16332488 16202009 18600104 15390718 15685195 19287053 16854488 17440464 16703279 15592970 16552222 16921710 17170448 16494808 15845559 14496519 17589903 16639656 18569206 
13636603 14232627 11842940 15391087 16117527 15899708 15656799 12799483 14582948 14754422 15824657 12788931 16743635 14402801 14178831 15856219 13941377 15224922 14788857 14057184 15301381 14305148 16429155 13571716 13249676 14688639 13429622 15503476 13896095 12331716 15153901 15565011 14049996 13769850 13823216 14769390 14780844 13710724 13891688 14887289 14006360 13690095 14855052 13678962 16960676 15305518 14093386 17488242 12458904 14843128 16276469 15083341 14810671 14566659 14302737 16053251 15702315 15583669 15839385 13887664 13722639 15324377 14624095 14963831 
15365758 14963162 14000905 16897526 16516618 17270404 15836634 15089383 16679273 15174194 16410413 14077634 17441243 17036369 15724414 15536656 14477733 16005988 15837878 14651501 14927425 14342500 16408793 14802847 16082283 15246055 15030832 15352393 16228862 13607709 16669112 15998937 14392766 14871369 14756571 14613648 15245208 15547707 14699733 15697375 15109911 15899618 17432600 15470531 17713471 15807230 15038734 17891641 13545470 14773769 16918850 16313281 15523158 16624067 14974595 15963042 16525771 16490233 15752563 15156635 16304096 15953204 15134206 17593684 
16901815 17041320 14114826 18467830 18676221 18367382 18656739 16831476 17049866 17462446 19756959 15600501 18882868 16609927 17310221 16050472 14519461 18132230 17633933 16508665 18163480 16334319 19033038 15966749 16682503 16961374 14675579 18129535 16672586 15860696 18858042 18448122 16040993 16380423 16997857 16293384 17135476 16453473 16333545 18805405 17364826 16980577 17945006 15139925 19064739 16593554 16960951 19905456 15160364 18168041 19251097 18267663 18453480 17871007 16510932 17680054 19193595 19877219 17551000 16889243 16511335 18458494 17422699 18898430 
15142314 13805440 14359179 16600112 17202777 17052154 16439219 17008625 17338856 16823191 17171911 14557697 17090378 16338773 15817248 15513197 14053273 16360970 16868746 16352987 14741637 15744606 16763665 15979768 15300535 15251970 14574820 17270537 16347404 14635922 16835251 14073556 13367060 14762636 15473345 14978932 15763466 15507508 14763236 15686774 14013542 14497411 16247366 16306402 17929440 16233424 14674830 17738872 14614234 16264807 15277404 17458067 14773235 15227363 15144782 16210753 16785832 16875054 16440709 13593166 15977772 16047854 16352466 16356346 
14700286 13990794 12242858 15858233 16041356 15761877 16114634 14630299 15095758 16384326 15926769 14040307 16877285 15103292 15319390 14712817 13687216 14797017 15267205 15095567 14616967 13237292 16098750 15158952 16114072 15258394 13088909 15010962 15280223 14299319 16486080 15795748 15008761 15258155 15238399 14395441 15204940 14907270 14385102 16923591 13659783 14989157 14636622 13622811 16754676 15872014 15390871 17423358 13527543 15857358 16524697 15966921 14975968 15043097 14911108 15985601 17171071 16209509 14805799 14512031 13880849 15654324 15360263 16787251 
16411371 15288788 14694243 16520420 17141112 16577341 16995483 16044661 17358880 17782000 16541823 15392892 18197788 18256629 15130056 15660381 14600570 16606286 17760297 15322471 15717381 15072873 16459744 16388091 16478002 15226564 13974391 15779485 15695011 14931685 17384889 15718987 15415702 15343427 16053865 15838044 16400088 14855245 15284753 17164523 15538492 15681132 17095718 15994680 17444842 17226960 15550833 18916886 14487920 16652137 18063904 17790629 16656946 15946330 16384953 16380317 17743468 16687554 17585118 15436625 15436453 16833745 14998338 18816493 
16389195 16637546 14447111 17567269 17433153 19478569 18007142 16595692 17830612 18607810 18815424 15553270 18308675 16438924 18242389 16033462 15314223 17840669 16725245 16051555 15890212 15273689 18025326 16439771 16583095 16607221 16494761 16970342 17350000 15013830 18647783 17193145 15350929 15941176 15913653 16721738 15779329 15894386 16070506 17548713 16072819 15511592 16970226 16942846 19481099 15821678 16354153 18430647 15568092 16900472 18048978 18158004 18162981 16398011 16281210 17225429 17967180 17138050 17719656 15635221 16734550 17151752 16132986 18227043 
15043150 16438401 13752641 16815492 17551043 16379646 17267910 16872081 17673780 17083402 17149078 14776137 16883361 16850020 16692856 16160924 14536633 17136926 16493772 14156509 15430205 14622402 17163958 15346926 15067378 15649004 16235978 16415397 15598202 14587995 17418401 16496595 15427177 14597928 15870858 16190157 15084977 14589623 15271431 16734394 16139475 14982002 17647134 16740866 17670390 17161833 15367418 17970756 14797971 16132211 18434352 18267804 17480772 16784497 15173519 15142900 17323503 17253864 17282340 15276246 15135451 16822958 15676046 16835272 
13796669 14218042 12220446 14984380 15628278 15376754 15628368 15348418 15607203 14637890 14141860 13182903 16154506 14555465 15873518 14306703 12930046 15524153 14591102 13968669 14202777 13177847 15067458 14388191 14679355 14447339 12953639 15336120 14072617 12457122 15313322 14647920 14745953 13367274 14271370 13960871 15098645 14589307 12648251 14488672 12896719 12813117 15269050 14763998 17091791 14179432 14332687 15937575 13590980 14317263 15234731 17267446 13918562 13955630 14474436 15967030 16344635 15128493 13793587 13813679 13771718 15171335 15505938 15109636 
14105974 14650790 13855907 15594066 16126079 15412554 14820284 14851719 15465138 16244193 15550055 13281961 16325987 14697392 14975405 13751955 11511120 16099757 15072238 14553640 13442604 13284480 14061960 12744901 14239148 12889721 13368069 13739683 14302804 12941083 16783137 13456233 12854680 12360628 13011567 14588076 14526382 13945444 14453031 14122357 12447583 12893897 14283847 15514493 15750152 14005937 13660722 16122219 12848379 13872350 16558546 15848119 13691331 14296211 14083382 14747398 16466512 14220102 15426147 13367978 14652508 15389892 15747010 14652841 
14241132 13010189 12892949 16346643 16903965 16303058 14954588 14421957 15309519 16224466 16447249 13490991 16781547 16213594 15709288 13835390 14618138 14830564 15684824 14835312 14918739 13170204 16005846 14199351 14836462 15188550 13841265 16012840 15032960 12740955 16079298 15077379 15364681 14769658 14442942 13984426 15581606 15334037 14670532 14507167 14078515 14258795 15175037 15703755 17920679 15468990 15321427 18009808 13572008 16007207 16390638 15745068 15575994 14752985 14953681 15741135 16754361 17516587 16218203 14526422 14664929 15647401 14947142 16120725 
16622049 14335703 12714449 14925395 16637047 17591866 16140667 15157203 16933455 17005820 16435153 13561372 17742912 16089449 16694111 13740482 13723027 15583862 16079321 15989962 15123828 13432866 18616287 14068646 15632046 16893006 14395216 16582713 16647477 14332194 16128768 17172936 15014006 14954294 16346504 15419678 15650888 15810249 13961402 15122128 15308994 14451064 17626437 16169575 18903693 14793507 14818798 19588673 14560621 15131925 16839949 16484750 17134006 14469307 14210751 17003727 17157072 17305751 16583626 15394406 15295144 16596061 15915764 18142200 
17108233 17142412 16113184 18195491 20016562 19522746 18545479 17282241 18604063 19300812 19249768 15638721 19421451 18733388 17073237 16753620 15622346 17799890 17862051 17821306 17427921 17189115 19440360 16705970 17973099 17582949 15358669 17718318 18939564 15235647 19725845 16701951 16988732 16676504 17324075 16522464 17422809 16879673 16686545 17827240 18169878 17362801 18440101 17098904 20346311 18774368 16846304 20843893 16141133 18539062 18946635 19001578 16745717 17335752 17736158 19227079 20150329 19135227 19161216 17549108 18042927 18364983 17921752 20742835 
13709246 12737030 11015523 14269584 15013090 14700361 14054702 11888484 14733395 13625358 14510108 12347532 16156605 14626774 13302945 13424256 13055012 14643976 14536704 14427157 14620322 14058445 16748738 13090266 14056096 14146511 12304275 13973402 12796456 12016240 15315570 14060074 14698341 12875339 14013781 14797409 14970716 14263262 13320089 14521097 13597203 13751828 14719790 13591980 15643573 14484474 13782673 16443323 12851846 14054736 16417165 16279668 14793697 13778210 13008076 15078835 14687378 16308184 14415259 12912870 14938362 14019063 13988000 14567731 
15420123 15661815 13925932 17563078 16209195 17759690 16897215 16380587 16949548 16495570 15833673 12721902 18280039 16372168 16323257 14549303 14334178 16968914 18060043 15628704 15774636 15663212 17176505 14763746 15567801 15447911 15224234 17592050 16027193 13999389 17031299 14965611 15515041 14219083 16787259 15866760 15601043 15567785 14959147 16641655 15705198 15602422 16342233 15806576 18072390 16893234 14650880 18393169 14889211 15498847 18652442 16044366 16893257 15360856 15755480 16305456 16798431 17538442 17247177 15490130 15558908 17022795 15585972 17694387 
15525107 13942397 12440421 15131342 17275859 15885934 15766157 14443535 15658913 15900548 15972025 15420523 17349059 16712853 15678442 14692381 13826928 17468732 16214494 15957373 15049983 14545354 17546631 14920445 14852875 15511543 13993574 15395828 14789980 13990390 16927086 16207961 14717313 14084649 15539810 15931869 15722780 15499385 15321528 15844719 15580260 14974059 15950271 16370642 18215171 15755287 14102059 18829565 14041183 15342969 17584283 16330113 16849126 15901536 14482586 15846160 16130143 18174026 16032555 14369166 14825868 16634934 15085226 17575220 
13770147 14026659 13840595 15612634 17279384 14625807 15590028 15556422 15626413 16753809 16896502 14235316 16819057 14150156 16197558 15401236 14202350 15798645 17167335 15118951 13904792 13726044 15198506 15547655 13404787 15073606 14353643 15627127 15438520 14859051 16959434 15185393 14110885 13994172 14482454 15430153 15478578 14925643 14398406 15613456 13969818 14072776 15502047 15678668 16842726 15617678 14636559 18612499 14898791 15366621 17442406 16634587 15911078 13698881 15462884 15514891 16992872 17221260 16060882 14221817 14021029 16004981 15865274 16217272 
15521325 15366928 13575518 16735267 18128076 16301369 17777873 16232642 15913465 16979301 16867127 14977344 17878016 16338317 15802434 16332012 13972905 17376384 16755852 15932937 15200785 14382523 17973628 14555061 16264477 17169900 14640330 17415146 15755290 15814878 17593673 17008196 15383044 15981107 16365350 15602801 16417208 16731916 14643227 17562789 14681305 16023580 17283900 16269838 18545261 16414369 16089410 19295164 14493696 17052632 18229173 18085976 16762069 16406682 16204576 16523217 17944468 17589235 17338104 16190022 14634860 17880139 17835037 18393595 
17299898 15318876 13830882 16633699 17964098 17861075 17434191 15378389 16668700 18611963 17088459 14793255 17621720 17305670 16457932 13559307 14061008 16771053 17188059 16409871 16648532 14187088 18318240 15025685 16588291 16626709 15513935 16412953 16832975 13958059 17544370 17509801 14524260 15570802 15982644 16941301 15766597 16917874 15566199 17998051 15742600 15509395 16406818 18062969 18688593 16712194 16014260 19042877 13715884 16769714 17263802 15466630 16952600 15536394 16406828 16413008 17231498 17478686 18450083 15602495 16765346 16596816 15976662 18207452 
14285501 13846563 13361130 16261758 16667431 15750581 15243691 14765001 15703869 15503006 16105440 13803322 17258021 15364153 14709915 13977703 13721547 15441299 15247672 15394131 15766729 13523675 16175107 15422754 13894142 14374343 13635173 16199163 14693609 13055185 16127522 16186394 14540170 14257567 13671386 14776251 15086917 15299655 14142845 15215284 14043165 14264149 14703481 14341892 16752831 15445684 15390929 18171395 13207371 16430508 16767950 16987261 15962857 15279829 14917534 15121048 17247930 17550165 14387146 14159166 13678290 15889546 14642009 16700953 
15631113 16607573 14281907 17374190 17474849 18306909 16287860 15624820 18593631 18417048 18889268 15404889 18864188 16982596 17327033 16266458 16067883 17217460 18187079 15883043 16135676 16052575 17985185 15894461 16009841 15287390 13573735 16064955 17209138 12955885 18242164 15700877 16928285 16184576 16258668 16144834 16384271 16139160 15201806 17593069 15258515 14885229 17705514 16291875 19132569 16296635 16767282 18696241 16455418 16997350 18168711 18147447 17873805 16501087 15182314 16637583 19756507 18473297 16612773 15956772 16138934 17692444 16366083 17583053 
18776686 17170851 14769821 19394922 19623126 18770341 18578953 18135244 19689081 19253184 20521395 15585719 19449254 17504362 18965421 17228395 16386119 17459694 18434959 17663081 18629124 16876162 19843501 16911394 18067147 18821059 17044734 18889254 17159738 16008353 19244275 18301737 17387437 16742329 17846036 17475225 18708945 16763140 16957980 18856584 16460700 16495183 18766255 16710568 20705298 18653814 16889948 21192123 17285144 18692548 20879955 19015113 18286438 17435966 16703455 19567078 20149916 19898241 19792729 16784489 17013297 18029340 18677486 19080819 
16132521 16357180 14578912 17262302 17138647 18378055 18236996 15945961 16625177 17188807 17173426 15734125 18566389 17448983 16301522 15791723 15588700 17280776 17740499 16049949 16546938 15597062 18751517 15082385 15933651 16773762 14991934 16291603 16426874 14836784 18208830 18116295 15970659 15853218 15526307 16142223 15820569 16887594 15139282 17367791 16613610 16474602 18269212 17169892 19065996 17483138 15818620 19897127 13867953 15040463 18059879 18819430 17614622 17303643 15375172 17135436 17297792 18998022 17015671 15395522 17059050 16794822 16440552 18360574 
16941863 13927502 14436876 15976625 16671835 17152444 16141269 16633418 15831225 15650956 15384870 14847908 16628872 15980045 15230352 13659532 12831665 15085645 14960059 15027273 14698603 13275379 17978465 16085329 15169241 16189964 14861358 16103557 15611546 14808158 16761875 15981678 14844854 14237928 14180419 15426737 15777738 16223386 14408052 15570633 14263836 15336946 15567787 14608259 17790766 13895278 14844125 17607963 14182189 15368103 16479820 16386120 15024851 15704317 14499142 15618127 17354717 17737779 15295633 15536983 14881336 15426534 16457404 17150636 
14020960 14994915 13479448 17038430 17163354 16014659 16827807 15385519 15304163 16459133 16733999 13800970 17344438 14799183 15615792 14498548 13988378 16238634 17127540 14804824 15034142 15809826 16207177 15574576 15219461 14621076 14558158 15691330 15544784 12800255 17731075 14849884 14947948 15225224 15354590 15309885 14810225 14533957 15111807 17727446 14157891 15860982 15880098 15434978 17132639 17024317 15820960 17193514 14427058 15205259 17238707 17863623 15366714 14695599 15505682 16305685 16697963 17112938 15676370 15897944 15083297 15725181 15596185 16788075 
16953865 14643260 14396390 16204625 17038089 17547812 17941625 15465555 15600549 16852743 16481504 14405026 17635202 17027787 15045334 13873847 13736208 16977244 16984188 16332030 15510551 13829989 17652918 16365843 15963180 16505305 13682166 17157271 15081729 15301504 17709028 16167796 15205917 14553255 15442031 15527004 17117121 16822558 13420775 16515287 15240425 16033017 16174074 14988484 18177645 16413236 16063099 19298303 14303758 15518688 17658838 16529266 16666501 15365359 16156266 17133920 18155578 18606599 15377552 14853741 14938490 17747132 15292426 18317656 
16745558 15835268 14733015 17423418 18383418 18090145 17361388 17432241 16965306 16998127 18278113 15716666 18932552 16534492 17296470 16447875 15447987 16640888 16852086 15827043 17627895 15627230 18285198 16780587 15972672 16550466 16717297 17602212 17673371 15673540 18938624 17463780 17059645 16112550 16924718 17692198 16526570 17156665 15844911 16725189 16269112 15281460 17531085 18458305 19082730 17318094 16065838 19435381 16134285 17595621 18999316 17775337 18674550 16182016 17526371 16564791 18417346 18208664 17538835 15357140 15728913 17913240 17176643 18867873 
16365565 15842168 13298962 16627149 15998408 16868296 15939584 15230483 16532652 16471260 16192634 14697560 16812969 15755996 16570127 14423601 13559603 16518461 16427314 15142842 15314588 14166447 17291321 14672973 15732040 16427968 14265243 14839079 14797942 13555230 17458581 15462962 16228290 14379399 13839570 15143882 15659045 15240342 14340098 17306893 14648288 15391951 17281482 15113047 17656526 15763882 14923858 17174670 14288274 16249188 17382322 16733237 16218683 16056135 14811226 16902684 18444933 17316933 15602420 14344650 15509382 16588421 16487853 17721465 
13551429 13241451 11695982 14327523 14924703 14799345 14478266 13819716 15279434 14885603 13903380 13441846 14856858 16273044 14215270 12617329 13434426 13712527 14876148 13987916 13427937 11865524 16320583 13977133 13543530 13474554 13773077 14259712 13115945 12453281 13808022 13715707 13611551 11723132 13709156 13777860 14521209 13728061 12688833 13399084 13360630 13221558 15720646 14576233 15585936 14043482 12783008 15830635 12166024 14147323 14854385 14388244 13989717 12679810 12739527 15580997 15209315 15280026 14465148 13619126 13346494 15017858 13917742 14843810 
17885516 16190609 15404345 17842564 17888830 17966096 17751814 17404545 18565663 17849895 18775261 16104137 18282179 17891758 17714231 15979583 15263801 18011470 18603807 15886965 16545900 14705985 18089071 16879487 16030721 16455031 15015350 17303082 16911966 14457587 17993602 17765676 16302931 15023381 16038753 16803617 17285159 15935488 16103015 16578290 15594004 15758186 17736400 16498269 19240774 15549094 16007076 18976575 15349717 16130196 19310622 17776945 17020979 17160346 15958776 17542698 18427379 19362712 17446720 16828920 15396256 17327848 16475777 18882066 
14103375 15615794 13461573 15569759 15616799 16367974 16871280 15023439 16595182 16671149 16786070 14781120 16420165 16719930 14823345 14932484 14143016 17631778 16991940 15468018 14270971 14512918 16201088 15538867 14541686 15059375 12967155 14514971 15923975 13608429 16846260 14530569 14141302 13762013 15041506 15753651 15893998 15219587 14262543 16460232 14603499 14168836 16663640 16340654 17458069 15374522 14383615 17958397 14140409 15506491 15412731 17492907 16082794 14897906 13874086 16051958 17119787 17193770 15591212 14111142 16269509 17176490 15750648 17302365 
14104890 13037006 11303246 14885184 14564291 15677801 15284498 13474212 13283860 15788156 13771433 13894051 16521060 15580039 15128254 14147749 13137854 15236020 15273189 14157585 13699848 13818234 15677498 13183715 13556093 14154619 12253112 15118225 13388803 12495375 16767957 13039338 14926871 14493967 13929142 13466085 13461538 13609472 14193043 14824474 13426198 13655272 14447244 13704287 16533537 14879441 13588538 17329160 13582544 14556911 16419652 16360587 14973925 14092531 14222766 15021403 16287289 16668168 13735199 12365229 13572520 15716892 14682149 14513723 
15727415 15438347 12324746 16830002 17708595 16124712 16693039 15474692 17279005 16755381 17999897 15133868 18175510 16316594 16922056 16668437 15472564 16033620 17293150 15306966 16041585 15464544 17005289 15542840 16793095 17311480 14527412 15480336 15627533 14620459 16631578 16582934 15271442 15278742 16122353 15728814 17022552 15074791 16287417 17089311 15026437 15302449 17734594 15624071 19096916 16850949 15480746 19245306 15794317 16943911 17245415 17047667 16285345 15159828 15359956 17557716 18181882 17843214 17575114 14821380 16343765 17620094 17169874 17678333 
18166730 17276471 15620758 19759297 19659458 19034608 18586123 17426684 19025351 18992710 19674445 15997716 19861256 18474771 18025978 16734008 16280146 18389433 19050508 17554249 17857363 16213352 19175270 17128614 18086488 18063113 16552404 17830239 17047513 16304550 19220989 17701833 17854075 16520487 18273057 18421927 18394673 17968837 16387334 18617173 16149679 16395985 18673342 18054796 20492535 18589564 17987546 20615384 17126272 18140958 20363484 18629932 18449978 18685764 16645655 18200280 19902129 19914100 18524943 16789235 17593706 18704634 18085119 19166285 
15066513 14337148 12931549 16070076 16764000 15291119 16914189 15525129 14024469 15830131 15768060 14765053 16824316 15633946 15220469 14459607 13965309 15039687 15812472 14285318 15380500 13340209 16454673 15060460 15626086 14785517 13947998 17514745 15679884 14820752 17540217 16167091 16368682 15580884 15417681 14694111 16409842 15627418 13723659 16809493 15420127 15042068 15511228 15487942 17446029 16444093 16488307 18015777 13874132 16119604 17602739 16865525 16579244 14991780 16712783 16482328 18096771 17118493 16206016 16176938 13189466 16057448 16006328 17861485 
17263699 15731712 15059137 18246470 19469913 18837369 17289145 17426778 19120681 17770553 18175319 16004047 17819906 17825353 16916580 16076906 15072127 17471676 17318659 16194804 17515103 16424743 19507909 18032057 16475043 16791404 16345015 17542441 17191288 14040603 18025017 17259575 16087820 15548823 15530292 17612992 17125897 16364714 16132595 17621891 16445469 16965744 17696697 17748185 19301343 17116578 16384632 20361278 15808381 17864211 19111609 18189198 17398872 16920606 16128841 17376540 19591991 20105309 17507910 16473197 16893314 17258513 17695902 19454654 
14691215 16054833 14933877 16629973 18249031 17023306 17426947 15307973 16034459 15772605 16694817 14424297 19075118 17685331 15627105 15791079 14751268 18222969 17356316 14607926 16526577 15997812 19405048 16491409 15012967 15100589 15085759 17892082 16407485 14624601 17007230 17554078 15395880 15439224 16562538 15884398 16473681 15277316 15144589 17569696 16821377 17537044 17835882 16744926 18245262 17462941 16133678 19577020 14167737 16913109 18333028 18136591 17886274 15952157 16562102 16719975 18552446 19394149 17174097 17251647 16017573 17625754 16013842 18315537 
15800900 13043662 12784756 15493445 16636843 16121067 15007066 15224906 16390428 17072209 15643917 14310525 17962091 16538577 15564632 14056124 12948496 14495482 15441854 15299207 15185781 14093615 17041778 14300368 15176049 16425275 14690458 14837799 15353532 14101029 15974824 15324643 15915822 15584659 15795656 14977742 16182700 15649338 14462673 16953272 13814375 14961443 17081567 14888061 17232908 15714025 15582373 17493763 14376575 15651444 17040750 15709709 16483127 15118190 14773480 16378200 17911153 17500291 15918810 15174485 15889873 15493168 14714336 16458083 
12739006 13687104 13117316 14268185 15568806 14592320 15178604 12297252 14035651 15315042 14826306 11880449 15863588 13655996 13018385 12344545 12858144 14624671 14924967 14615733 12600479 12909809 15748423 13195356 13072113 14192239 13278054 14472371 13300573 11691473 14935872 13943589 13940953 13044465 13372335 13616403 14528563 12316282 12022631 14931616 13118056 13731360 14557857 13280702 15584692 14884913 14270210 15670005 12797367 13543484 15882944 15046171 13394707 12638000 13389956 15184281 14640279 15103116 15222151 14995424 13159274 14780813 13111980 15098025 
16908010 17149374 15227784 16488500 17945333 17723927 16963674 16221848 16551796 17186525 18181985 15282627 20494847 17286342 15597459 14413855 15100071 14870159 16767348 16024792 16669843 15934481 19173619 14775446 16763294 16899922 15004899 17281725 16407234 14686393 17357849 17313641 15324328 15963317 16555153 15846938 17754694 15644540 15806955 17538734 15339294 15731336 17704351 15372187 19117981 16791303 16123748 19369983 15210356 15618168 18724700 17137844 16098052 16100569 16564780 18256192 19477561 18837841 18144712 16746380 16057393 17250463 18134908 18092173 
15116306 13743207 13888833 14836615 17394010 15683728 17309316 15718120 14643814 17354057 15737523 15781534 16213159 15698604 15098679 14238897 12550815 17198454 15301606 15750373 14431537 14448131 17592766 15789579 14276836 15212678 13014536 15886077 14260589 14888786 16874009 15232952 14973643 14629908 15185164 14936993 16344344 15862108 13202001 16252889 14190520 14490076 16001981 15814182 17567318 14603485 15058493 17944511 13743148 14227182 16701131 18539506 16498411 15049684 14641979 16270399 16788828 16564451 15555236 15199487 14177406 16274129 16029846 16256718 
14747735 15655163 13776404 16475879 17288516 15918470 16179174 15948917 15666460 15815807 16332577 14613762 16521951 15198411 14550530 14431168 13541896 15993941 15284325 15278129 15651168 15616059 17275251 14434504 14507205 14266462 13720348 16517795 14934956 12088310 16870071 15370067 15038089 14451993 14641538 14393819 15763458 15659783 15326180 16558614 14878351 14651605 16145926 15986052 16976081 17385189 14722548 16811369 14061308 15563952 16404319 17513757 15590320 15692712 14535363 16366309 16733005 16453043 15767665 14529711 14672970 16373457 16565356 16845461 
16826949 15858293 13700449 16139733 17756978 17976835 18485796 15705988 17060185 17510645 16767891 14643880 19107259 17323963 16738425 15014956 14254828 18685108 16814928 17060527 14940812 14913984 17597278 15072345 16512062 15775014 15474825 17597256 16245513 14952976 18606697 16486797 15217821 14521763 16203336 16791707 16864599 15852033 15830097 16229978 15928333 15665929 16220191 16861622 19737291 17138711 16065432 18971347 15484387 16298110 19102313 18284202 17139897 15742163 16616983 17054815 16475661 17330501 17098036 15156578 15781170 18562231 15611534 18424321 
17384111 16305638 14015242 17141218 17020179 17652285 17410027 16247259 18271355 17379093 16871932 14752119 18623657 17873777 16630744 15890442 14952965 18275196 17435447 16081260 16419817 15148982 18478575 15843772 15929119 16719242 15725789 16792095 16825634 15370543 16867742 17492852 16892885 14755860 17666315 17867824 16540464 15584662 16684304 17545790 15742075 16548079 17809758 16855615 18354753 18622613 15583106 19037829 14522149 16775348 18944321 16760701 17354242 16064558 16075012 16891341 18975812 17990395 17579340 16067747 16727536 18159511 15665067 18011654 
13262907 14877118 13341688 16369169 17118168 16004595 14670247 15633882 15486324 15810407 17682688 13764323 16096175 13861918 15061725 14439345 14175185 14822532 15405256 14254029 14528545 14354636 15296031 15110958 15013346 15423124 14324670 15294095 15274169 13213980 16700291 15268746 15748918 14689420 13903497 14561557 15695337 14749323 15071416 16085951 14770567 14709068 14827143 14321000 17816138 15540189 15231199 18048093 16060669 15125455 18086674 16684416 16193027 15654820 14277813 14731433 17926538 17768891 15450067 14467236 13727180 15729879 16016050 17153020 
15923445 14705434 13943853 17158937 16568429 17012048 16538580 16396612 15576312 17583290 16665738 15474483 16904462 16569337 16672596 14403914 14731134 15773434 16765697 15831779 15631106 14019015 17304131 15024918 15784640 16566579 15855306 16251873 15115086 14894116 17483379 16250954 16643329 15653658 16250138 15249750 15667389 16954816 15022225 17043607 15031778 15464635 17143930 16371164 17533645 16495658 15801676 17798523 13752244 15383692 17570174 17399632 17113066 16218304 14717639 16975929 17474148 17822067 16731445 15416749 15579401 15991727 16178687 16614499 
15199197 15139953 13539007 16123064 17676506 16654475 15883604 13939204 16092374 16662242 17195181 14516692 18255801 15542987 15313456 14987197 15366531 14739907 16718418 14929306 16875980 16048472 18574916 14772709 15838000 14670036 13389594 15948242 15400126 13665932 16685269 16247957 15838357 15798502 17640749 15235407 15632110 16152904 14473803 16952422 16623983 15678666 17541397 14816748 17719372 15595835 15143852 18468794 15309601 15742995 18782555 17245174 17575114 15585673 14621777 17602619 17067090 17496277 16060172 14884571 15622827 16300055 15060068 16550530 
