LINHAS = 100
COLUNAS = 100
576 831 531 977 692 232 903 308 512 434 220 775 418 85 895 530 762 989 574 700 806 819 410 702 851 949 160 123 886 275 656 364 131 304 463 666 226 767 786 828 453 658 12 183 655 757 506 811 608 114 441 515 237 543 852 711 682 283 726 672 624 124 564 916 587 273 467 863 114 415 78 817 823 797 581 279 307 804 91 228 470 831 315 664 193 164 754 412 145 371 306 838 149 55 341 748 541 803 808 142 
301 211 824 850 133 822 242 686 151 330 193 145 711 152 657 680 721 199 651 369 771 620 902 276 259 777 500 31 91 216 479 831 809 564 74 600 687 279 490 314 247 182 708 261 557 701 976 438 69 361 366 462 46 640 314 955 548 849 600 428 377 444 986 296 417 576 752 93 993 660 885 694 524 339 881 513 119 597 487 235 117 466 520 57 730 402 581 733 751 34 662 877 77 5 705 877 228 497 408 240 
718 328 486 409 685 108 736 927 645 400 886 318 838 897 501 520 267 994 745 930 27 635 237 350 964 509 814 760 177 839 247 781 209 585 483 120 54 948 246 207 102 710 873 468 352 5 549 155 218 173 719 551 18 963 840 244 889 937 757 333 350 318 45 15 901 126 160 606 764 531 850 289 218 584 52 138 901 942 324 949 803 20 338 663 17 805 114 734 643 445 93 320 957 364 308 87 12 723 531 393 
711 538 402 564 855 566 246 718 629 806 747 101 606 797 86 82 690 248 885 501 123 398 817 29 760 586 848 197 873 826 822 298 620 768 364 711 635 549 520 269 401 487 735 955 859 217 217 103 393 867 253 39 31 916 336 236 981 534 326 163 826 449 573 950 16 843 627 231 670 907 655 836 778 584 722 79 499 323 876 718 610 415 107 752 365 384 538 12 327 410 151 265 760 767 807 524 828 442 797 651 
240 702 716 259 436 412 335 953 80 456 230 655 928 528 484 605 727 217 700 233 502 810 768 887 497 610 834 77 859 106 806 701 302 421 339 977 890 321 638 646 979 899 196 166 794 572 950 890 671 91 403 854 894 176 662 61 475 140 371 129 682 225 470 820 937 827 667 793 278 552 168 565 929 435 653 918 497 121 11 59 311 477 122 543 590 505 254 250 812 67 445 609 479 446 980 512 783 283 178 671 
51 365 976 936 968 398 399 384 944 973 476 329 244 269 52 492 634 526 351 115 308 358 373 539 213 959 138 343 461 447 810 730 56 416 527 725 594 456 736 339 991 900 576 371 689 375 875 569 193 585 505 775 265 352 67 493 318 890 778 968 153 572 306 83 89 465 262 487 784 924 464 589 406 534 320 14 778 35 767 236 272 11 133 892 197 945 425 562 726 100 284 743 220 569 499 258 332 66 94 417 
606 809 876 47 911 343 812 399 916 679 662 535 970 949 265 216 476 300 557 227 181 493 537 338 897 753 28 833 217 562 37 109 499 894 374 321 160 281 358 763 407 363 386 502 118 429 165 837 304 31 581 176 551 236 698 852 70 94 623 386 435 270 546 810 69 447 91 683 28 112 634 189 333 181 638 5 479 655 265 282 674 717 339 357 864 778 518 906 693 137 825 352 434 92 827 827 480 767 111 545 
753 909 153 57 962 21 68 331 531 240 964 111 868 733 766 128 706 129 623 846 236 917 724 70 240 532 402 144 739 121 913 439 878 44 831 490 471 538 504 486 777 728 362 638 609 627 792 306 452 559 974 52 772 573 689 401 193 151 75 238 894 324 297 806 120 200 766 23 520 932 826 555 889 902 886 325 47 613 562 901 249 972 323 999 601 888 138 88 138 79 724 501 119 61 794 989 507 488 886 11 
867 761 364 690 285 190 529 286 132 642 505 715 441 525 983 685 605 403 10 775 380 640 608 480 159 344 246 947 158 360 64 57 581 612 510 181 642 807 354 976 868 433 620 308 493 48 511 481 495 531 627 194 380 323 965 0 632 970 106 956 255 671 188 418 913 219 720 989 778 979 889 674 730 306 434 321 976 375 62 956 806 311 407 912 530 493 482 304 503 170 124 801 435 325 658 734 851 703 325 387 
807 761 293 112 658 135 399 893 321 504 13 669 761 372 456 140 93 651 914 981 550 799 862 503 880 984 820 50 404 307 377 604 306 141 802 330 200 567 386 11 167 881 296 637 143 128 171 243 676 635 757 287 183 698 71 910 103 992 72 489 336 133 278 189 481 706 272 184 655 234 997 705 316 331 758 87 967 792 12 642 953 710 466 184 923 673 154 132 434 768 87 473 679 857 831 373 541 254 938 112 
493 605 261 892 228 622 637 900 545 845 216 662 113 586 347 650 446 64 838 141 616 978 272 371 399 589 53 669 49 694 610 894 509 431 703 444 758 837 44 677 304 853 994 940 759 885 401 397 263 770 706 935 671 931 658 951 32 138 0 816 106 261 159 310 578 192 58 299 537 458 642 147 427 30 934 388 843 464 293 29 798 988 781 710 594 176 666 411 938 192 528 110 118 500 418 28 677 546 423 96 
597 537 0 257 571 819 884 368 428 956 627 697 617 85 233 879 448 241 288 295 287 538 988 28 29 862 711 178 316 350 934 734 170 784 254 544 256 206 651 822 786 210 304 960 906 162 265 172 14 836 15 986 329 788 254 282 593 111 760 18 643 286 788 387 544 426 993 405 899 357 509 471 395 303 330 492 319 193 857 245 566 245 279 118 923 891 703 866 137 139 40 767 951 157 502 93 256 403 404 874 
487 998 209 59 792 656 12 550 694 801 873 925 187 772 209 357 400 35 954 276 357 459 456 17 907 358 229 80 907 535 153 900 778 649 265 523 192 952 124 901 432 205 963 607 712 764 397 429 59 493 546 410 506 978 741 368 377 858 9 338 601 561 379 11 964 14 7 987 13 965 910 37 587 475 180 10 510 949 142 454 367 356 849 618 776 180 967 23 13 995 499 716 950 324 85 303 252 492 325 955 
628 607 963 152 825 310 9 832 449 797 289 358 366 460 663 372 734 955 854 190 7 183 40 510 374 882 460 666 40 880 326 559 344 848 448 636 616 199 494 459 329 666 891 918 559 465 273 544 611 54 65 683 136 310 947 605 299 478 35 526 364 193 671 977 300 872 224 530 284 368 690 202 847 223 801 726 154 940 7 481 976 890 988 586 17 363 985 147 851 86 197 415 774 514 501 902 974 534 261 296 
137 443 439 654 28 206 231 651 494 561 287 318 990 119 806 156 409 806 535 189 10 77 62 110 951 609 762 67 561 950 723 30 311 776 156 14 980 348 515 738 56 258 715 326 628 119 810 248 518 921 807 577 182 985 249 976 89 836 15 642 359 893 284 133 52 693 569 132 628 43 404 385 140 501 958 445 4 826 500 693 316 928 137 332 787 741 371 958 453 33 916 69 824 28 88 905 480 129 495 233 
639 795 733 419 419 510 149 899 755 81 922 709 536 913 376 66 883 29 699 941 773 810 930 556 594 760 500 84 397 517 58 396 98 739 280 349 68 811 658 640 493 699 578 576 786 24 315 202 437 869 517 48 753 140 472 869 943 845 488 236 401 595 490 853 348 441 161 758 245 772 190 925 817 950 22 481 674 377 230 611 284 867 532 475 488 198 168 419 22 411 855 84 208 903 854 730 325 9 150 293 
787 501 703 338 181 388 730 901 953 576 56 694 411 659 806 347 696 519 829 738 798 226 635 586 721 313 426 665 699 806 469 200 125 634 870 486 729 867 672 729 360 407 427 75 613 362 815 749 963 915 909 71 505 265 863 59 351 766 401 291 957 61 707 457 679 137 798 84 345 355 677 707 445 998 94 671 617 618 143 629 549 901 843 628 253 301 129 639 55 852 359 884 330 173 999 479 159 350 253 950 
909 654 201 716 23 739 97 302 666 309 301 630 38 293 777 186 381 193 389 72 749 903 18 819 927 795 875 898 471 564 88 235 862 613 575 406 415 250 650 179 933 503 331 785 925 790 490 877 523 103 530 433 301 322 563 307 177 90 520 454 385 777 873 117 877 614 506 425 582 550 148 5 781 596 937 778 950 686 658 99 611 508 280 293 950 602 683 757 256 429 154 510 603 492 417 789 828 356 288 278 
227 495 467 431 438 494 74 639 519 996 808 373 423 721 952 123 237 121 41 21 718 368 540 986 25 26 216 391 866 988 364 36 588 375 295 756 810 756 265 403 89 627 23 386 856 452 70 918 40 857 437 926 9 5 551 308 381 204 701 18 899 654 39 491 456 109 870 229 813 569 648 659 407 148 839 674 937 606 974 757 163 820 675 252 229 815 139 44 351 261 441 739 250 274 644 790 903 401 274 722 
101 756 574 595 995 349 306 16 808 742 274 463 566 913 486 494 975 922 181 860 883 442 936 302 739 965 824 195 254 974 309 298 335 644 256 359 884 982 781 588 570 174 291 644 585 318 523 434 578 589 373 434 67 869 58 840 233 738 608 553 637 715 111 495 974 796 44 404 268 494 336 125 28 659 565 228 27 908 530 161 3 397 601 663 942 462 825 961 251 197 523 576 823 787 235 892 394 613 17 844 
455 825 221 474 797 239 473 905 498 353 894 413 315 69 974 701 269 637 191 399 745 56 240 782 731 728 795 393 90 434 858 153 800 481 932 335 870 539 943 743 782 150 658 738 484 129 924 122 57 650 207 333 19 826 285 997 791 653 27 386 92 776 22 326 470 247 600 137 248 5 568 763 592 483 322 372 681 437 800 325 533 772 910 581 956 455 119 368 419 102 597 762 483 941 761 871 575 929 727 753 
482 304 467 485 217 952 152 184 213 987 135 248 72 834 369 881 486 454 588 447 229 125 818 14 39 28 422 932 952 70 566 213 523 704 725 789 92 403 146 318 293 105 29 953 886 310 587 818 29 583 485 778 182 197 386 396 896 664 792 285 989 856 726 502 467 524 523 864 122 992 220 768 573 721 570 89 947 828 153 805 730 458 285 259 559 298 175 720 673 101 686 442 394 900 319 401 335 24 381 591 
392 376 728 362 647 258 265 748 800 530 636 324 662 7 886 24 392 655 170 233 650 311 923 545 787 335 876 149 130 151 905 606 251 62 234 737 971 346 430 547 795 263 52 146 641 613 541 796 811 160 369 626 680 896 281 523 737 99 337 636 279 479 590 356 87 406 669 521 158 294 682 373 391 749 370 83 394 679 239 723 265 524 277 930 662 660 493 236 653 18 935 334 342 118 298 984 455 369 977 473 
438 83 660 706 704 486 377 241 62 365 649 339 991 542 645 316 724 163 948 482 859 60 380 886 429 923 8 734 629 377 405 480 140 857 783 66 905 434 807 721 725 645 879 482 410 858 19 538 495 481 996 265 459 222 607 598 44 12 651 666 851 630 832 219 116 962 151 814 986 56 279 583 371 728 96 301 429 271 608 173 634 526 824 112 631 890 221 208 876 68 929 606 448 48 989 681 466 208 852 246 
255 334 767 835 936 271 749 172 540 578 627 918 293 586 947 292 462 276 835 228 927 29 259 11 196 500 740 264 279 764 189 175 237 39 923 45 889 107 581 338 453 712 204 99 878 941 190 303 276 953 176 55 104 672 874 372 795 786 868 670 901 789 386 361 644 473 285 916 414 367 671 645 878 295 809 657 701 455 955 480 233 715 598 59 846 10 393 994 195 291 809 279 929 220 194 105 525 862 779 749 
812 828 551 153 193 704 970 300 15 77 614 678 991 281 504 122 137 430 313 961 140 549 347 659 679 281 52 301 817 859 333 409 638 333 552 605 647 901 892 317 469 720 64 217 127 844 155 962 388 908 659 357 508 877 408 55 607 60 411 915 808 835 322 300 138 802 837 499 882 893 142 283 330 559 899 524 81 713 799 197 295 495 763 725 75 529 598 13 208 819 334 305 350 393 252 689 296 589 212 725 
343 345 528 31 763 316 23 234 279 475 396 264 702 115 132 706 979 191 188 267 720 828 526 538 516 856 665 500 332 931 249 478 120 418 133 906 450 757 269 239 389 831 685 799 273 970 45 304 857 400 105 303 855 173 100 685 113 919 835 359 202 574 238 924 448 792 112 137 782 992 156 9 434 628 17 847 18 717 402 701 959 959 389 800 69 255 606 660 783 596 200 955 818 38 609 142 772 677 60 517 
141 618 271 95 490 531 127 956 642 366 252 927 900 305 488 751 745 318 481 751 329 824 464 454 544 794 900 378 266 644 658 775 6 218 175 801 530 661 399 920 266 184 456 570 449 78 80 846 37 784 331 383 423 702 536 796 191 625 521 376 924 793 362 471 443 878 836 613 19 81 230 59 294 701 567 25 312 759 626 616 771 71 629 642 174 812 257 357 60 468 373 749 171 755 368 231 632 666 986 622 
112 620 696 592 807 142 608 552 88 754 85 166 363 677 452 569 481 421 887 825 306 753 224 471 735 496 46 865 926 616 546 975 269 531 974 565 74 116 784 887 610 388 236 453 804 282 339 110 156 552 583 512 382 831 536 647 508 103 391 539 254 905 429 824 701 361 77 80 916 269 559 951 742 510 287 158 249 614 7 339 269 779 283 108 210 677 495 227 208 608 241 932 248 992 311 739 734 509 101 856 
141 171 191 455 305 462 727 475 773 948 8 644 706 976 609 762 520 491 68 156 296 621 143 376 197 503 745 848 439 594 622 780 897 453 140 5 984 758 798 264 264 62 739 87 744 545 267 314 718 630 552 1 23 878 4 420 884 985 114 55 35 907 466 6 79 596 331 278 963 833 534 631 745 219 691 584 813 310 371 509 286 521 456 81 49 34 41 540 247 468 741 663 128 329 206 475 196 268 578 437 
285 414 688 484 750 172 433 789 923 763 270 432 430 564 177 564 271 218 318 270 857 610 740 356 301 572 476 859 494 752 291 56 540 84 168 55 306 321 829 123 690 672 975 415 709 58 551 329 524 65 642 536 355 132 937 697 884 567 207 567 282 102 654 789 936 162 327 50 910 205 628 810 863 256 368 266 240 62 170 600 903 123 414 222 450 713 277 205 183 905 451 5 776 43 598 623 220 710 7 185 
644 192 428 106 927 861 117 832 289 356 569 547 339 588 880 952 343 881 817 792 400 443 964 224 476 803 21 859 728 655 914 359 661 64 212 628 158 354 462 363 919 419 172 610 499 247 183 155 592 313 717 85 914 390 927 525 920 404 919 414 467 954 697 774 358 845 560 506 273 978 911 712 778 531 38 162 56 664 784 926 525 943 261 900 2 970 286 599 644 363 305 146 50 874 3 257 575 874 837 460 
307 602 332 527 803 411 770 898 423 626 66 750 125 174 214 811 455 443 494 621 276 857 56 691 148 912 867 664 282 177 705 450 607 658 612 564 823 298 614 766 304 212 18 75 938 951 943 748 911 990 848 757 343 651 352 609 935 914 7 9 616 555 888 990 75 92 147 88 386 525 434 458 172 942 931 366 835 835 839 147 400 257 905 457 668 809 899 569 964 985 734 943 886 103 973 546 404 177 106 295 
29 272 66 352 0 204 467 59 183 789 623 803 62 185 70 195 157 656 900 348 638 706 147 753 755 892 504 967 690 432 656 691 444 96 696 613 728 14 999 911 474 823 541 787 492 650 310 902 120 430 218 754 70 845 96 793 623 167 200 93 66 100 899 967 358 699 224 2 482 274 572 205 454 500 417 946 581 572 46 701 594 461 663 619 793 173 667 587 479 726 942 342 505 260 779 572 863 18 956 625 
695 570 779 379 841 247 608 299 706 132 534 495 378 59 28 705 802 480 240 996 741 161 873 406 20 16 916 976 625 433 734 493 730 460 254 176 42 161 62 35 348 635 817 919 684 308 529 563 775 293 696 831 523 164 450 632 743 20 111 453 133 857 574 117 318 45 766 238 264 69 467 36 876 75 58 120 566 212 890 785 103 123 201 529 419 760 553 442 362 132 969 434 103 229 837 977 312 284 945 44 
45 776 255 113 10 227 483 431 680 623 438 703 672 961 243 354 360 197 284 254 43 47 355 855 949 221 916 112 76 274 377 417 859 696 424 822 843 907 6 384 67 784 995 588 450 324 328 831 39 526 12 836 75 903 178 520 652 4 781 159 906 307 30 588 353 516 449 33 691 139 339 398 785 143 462 434 961 394 912 316 246 649 260 406 525 21 191 878 647 391 423 902 274 632 469 790 494 514 326 835 
968 769 491 263 135 76 150 570 778 544 658 10 248 439 159 213 682 971 924 157 951 595 82 866 652 471 163 426 851 267 262 114 682 505 221 702 576 423 972 913 793 136 201 930 467 578 574 898 534 91 536 365 1 917 674 610 114 554 412 46 23 990 197 808 184 995 155 772 194 363 622 338 326 661 300 774 522 481 220 271 206 160 135 371 902 569 24 173 266 410 987 277 924 118 771 448 930 769 927 437 
753 293 231 912 373 36 1 175 44 872 521 890 368 321 16 829 676 586 866 535 829 735 39 538 547 83 829 284 806 429 193 997 867 543 897 553 703 159 664 278 961 839 992 974 827 809 662 169 702 834 614 623 54 923 925 204 195 133 792 393 334 813 84 169 283 203 964 191 588 365 685 248 886 459 123 999 597 231 915 151 601 808 175 617 658 331 434 919 981 567 847 379 765 391 386 804 426 996 931 905 
62 919 930 348 714 848 877 923 710 869 113 631 771 197 75 435 331 302 491 491 242 950 52 41 280 530 668 691 412 158 753 582 608 99 492 467 989 904 612 163 943 74 139 809 486 197 108 883 952 405 402 357 535 983 705 444 563 134 935 165 140 22 704 950 854 318 616 993 96 556 385 682 901 410 551 576 672 788 937 507 882 408 464 244 798 121 449 716 51 899 319 364 341 843 603 590 692 42 487 101 
52 486 855 217 348 1 838 128 852 638 602 265 210 395 869 544 750 918 203 224 250 58 782 507 478 335 452 549 371 189 25 238 245 40 822 962 287 386 292 251 587 935 549 665 977 568 372 741 11 147 685 107 367 830 21 684 533 778 966 406 952 343 143 228 342 865 68 949 98 76 880 214 58 683 110 29 886 649 104 635 456 962 599 3 90 907 100 378 354 951 507 638 220 461 729 231 594 462 907 464 
505 913 157 870 297 473 644 34 762 563 437 405 722 147 567 982 932 384 451 292 834 588 109 6 207 977 762 163 700 260 175 594 357 111 803 424 837 597 675 493 233 433 272 533 180 223 260 814 26 299 983 200 885 573 820 31 775 718 506 173 641 779 742 573 509 587 662 839 258 147 854 695 655 417 893 667 853 434 183 848 11 82 860 185 919 637 213 157 541 499 425 618 169 387 998 283 684 714 585 38 
237 378 700 220 361 365 84 215 331 973 197 182 841 142 145 209 110 996 672 197 417 76 682 596 582 446 813 259 163 460 588 145 709 132 246 914 399 899 830 520 70 311 17 145 458 540 221 410 832 756 872 412 579 856 740 145 462 84 415 314 26 74 134 803 837 231 476 890 285 874 358 416 898 996 473 563 475 298 954 273 88 564 682 392 661 879 137 57 540 68 672 381 987 227 57 286 873 636 723 752 
646 864 236 878 160 154 740 441 365 340 405 406 630 17 39 322 760 723 305 273 736 536 939 220 488 590 311 737 278 992 431 71 20 817 614 146 413 460 454 720 742 667 104 0 332 989 67 855 892 899 256 958 38 39 372 749 602 85 805 943 149 258 764 445 148 647 512 335 205 419 265 408 840 178 123 835 799 71 99 817 780 110 449 812 707 308 254 628 155 491 425 234 501 862 368 255 350 296 947 48 
473 275 678 798 952 334 425 140 559 537 713 701 735 952 794 293 926 62 475 43 780 972 295 233 334 465 866 446 474 168 268 996 470 218 112 81 818 781 823 342 292 66 618 65 784 389 971 733 348 481 256 901 221 16 738 577 623 25 775 744 339 232 588 108 447 716 617 632 398 457 404 931 106 544 941 835 442 64 431 964 101 618 508 62 185 542 671 391 803 568 458 721 967 795 835 560 109 981 100 826 
252 566 655 625 594 925 844 949 462 478 241 291 551 57 877 874 180 245 955 886 700 991 663 28 555 151 739 738 446 402 183 770 255 112 835 484 611 681 350 903 255 793 291 436 452 345 328 314 877 995 656 96 803 457 298 289 579 946 782 322 926 357 898 504 701 523 923 451 957 862 502 298 921 438 451 646 683 685 773 271 493 730 932 45 987 707 265 736 561 703 934 389 314 544 187 58 653 171 924 117 
771 615 234 198 610 4 775 58 728 609 871 503 637 427 690 259 671 915 65 578 145 696 585 263 105 290 157 804 313 166 256 160 997 621 782 296 909 71 560 169 406 745 796 640 82 297 164 413 255 596 786 495 464 438 588 244 679 135 697 320 393 395 950 972 542 107 115 8 34 835 659 777 497 991 804 649 499 946 202 868 272 179 750 690 845 645 249 667 781 28 653 183 477 723 42 212 447 711 290 938 
206 324 902 104 640 896 661 724 114 231 721 632 853 990 695 173 217 651 94 942 417 83 616 157 419 697 80 370 726 540 97 516 687 124 296 62 938 353 943 484 235 781 311 551 275 965 185 19 606 524 201 424 234 714 352 925 714 510 597 725 708 118 712 110 328 392 596 375 625 738 207 926 455 361 353 701 268 661 820 378 96 112 331 41 349 96 86 249 350 247 501 389 165 974 367 481 988 214 256 550 
545 901 679 4 835 572 589 4 438 398 28 668 995 747 447 619 400 1 135 808 152 758 927 618 504 277 513 199 905 802 52 573 85 555 546 263 378 387 253 616 591 91 870 849 460 236 405 888 676 984 463 981 810 281 979 655 148 515 691 38 891 142 661 386 970 679 98 988 795 707 98 628 937 884 251 817 602 612 391 375 406 826 112 613 117 383 135 280 460 460 51 340 491 799 748 390 70 966 370 122 
506 474 594 521 254 435 664 510 467 321 304 776 41 124 477 133 427 262 527 355 965 837 566 811 461 753 171 884 143 761 768 539 956 817 761 29 128 799 60 360 802 85 680 291 847 992 759 738 489 654 744 636 638 927 319 503 294 536 599 119 216 843 961 942 364 408 675 479 593 339 433 842 739 278 142 226 906 323 462 17 814 379 238 701 586 702 124 346 704 557 161 227 768 898 607 627 385 720 559 947 
876 755 658 683 919 649 531 400 434 236 959 359 27 159 487 748 769 127 51 808 128 317 128 580 723 553 52 709 655 168 843 739 327 13 246 718 714 266 519 807 786 312 241 999 414 652 271 300 47 184 679 304 102 210 1 116 773 705 889 289 264 820 480 882 92 341 351 833 558 968 545 329 806 853 93 889 874 255 856 434 480 137 496 124 793 900 800 973 316 537 558 453 792 219 253 660 51 509 867 611 
556 742 744 165 836 858 910 704 736 582 483 298 123 261 86 961 172 879 872 304 846 739 931 723 292 904 893 171 139 186 55 478 32 123 881 782 130 948 932 915 761 78 817 368 479 648 380 804 672 87 925 50 141 398 367 3 918 438 96 625 725 66 846 321 695 344 214 668 454 478 233 605 275 844 337 288 152 352 838 963 952 7 284 691 162 905 288 983 850 211 717 48 330 752 603 845 304 476 925 614 
693 508 325 138 114 632 30 348 871 176 720 627 684 586 391 408 984 618 632 106 901 710 919 323 912 828 594 898 434 97 218 104 740 21 355 985 575 214 781 852 495 354 660 705 395 809 475 329 135 890 561 906 179 988 561 211 143 469 156 96 425 484 701 116 322 100 549 749 276 186 856 53 269 37 444 165 52 658 632 506 442 751 589 189 789 960 536 987 763 366 417 742 374 878 515 898 840 444 178 902 
950 50 182 794 33 812 380 192 418 855 866 138 271 405 355 101 231 85 209 107 750 403 79 105 234 898 71 470 156 622 11 410 389 343 593 255 667 679 76 137 722 506 151 985 654 232 287 529 281 654 586 435 243 491 618 960 226 312 215 841 236 950 699 367 540 681 180 701 629 883 198 150 382 59 666 797 12 991 87 273 654 978 466 31 297 768 46 927 122 639 574 277 112 100 593 498 137 988 620 814 
95 540 282 3 580 787 851 90 231 726 879 6 915 375 197 306 659 471 700 430 97 831 667 303 236 286 968 530 274 33 652 726 198 879 828 339 841 548 144 92 427 168 799 882 707 263 987 907 98 874 929 142 240 677 755 231 779 425 982 41 839 734 208 926 175 52 344 687 709 652 636 701 396 981 526 659 729 502 381 188 2 932 609 196 683 994 157 871 832 826 863 368 310 649 360 744 870 110 370 830 
874 988 958 101 573 169 636 298 994 314 528 566 502 915 65 417 189 367 294 480 70 147 61 911 583 3 989 352 930 282 319 745 829 770 564 838 27 103 716 441 579 143 350 987 683 757 794 831 241 655 206 467 976 967 411 455 535 712 910 893 299 607 443 130 523 802 58 816 661 916 570 572 179 866 379 142 963 253 519 996 851 350 507 885 580 307 803 75 77 859 624 845 810 943 643 675 147 337 269 3 
756 400 974 387 77 915 761 908 871 304 591 528 417 974 267 260 779 391 194 657 559 898 74 861 786 647 589 10 600 559 327 854 999 251 241 626 908 94 448 455 691 530 705 326 518 892 769 204 756 747 594 40 152 230 233 894 37 698 993 816 946 357 984 60 473 430 880 517 487 970 901 653 189 429 142 123 237 899 76 571 277 259 431 265 816 726 722 252 171 568 282 279 0 88 100 631 913 183 386 721 
807 699 909 113 596 364 184 457 659 849 779 778 96 586 18 563 17 109 171 979 467 644 272 33 684 128 773 465 923 250 422 987 542 249 206 196 57 71 734 663 394 23 107 360 475 120 953 989 932 235 504 7 989 250 695 114 874 417 28 449 379 714 243 122 731 213 832 550 923 41 337 84 494 82 57 617 938 662 859 710 983 193 3 349 539 249 17 723 100 119 52 811 309 597 157 4 64 688 346 793 
225 986 125 881 13 316 392 708 904 808 710 526 165 14 23 32 753 91 562 225 80 922 534 551 89 209 436 413 283 449 867 205 38 972 749 737 714 211 37 87 660 416 915 767 417 252 911 592 588 693 13 355 64 710 832 624 684 540 868 910 460 134 211 25 277 955 764 245 498 227 643 523 466 4 653 327 567 749 974 337 948 703 373 103 186 736 470 648 476 328 210 100 21 710 422 565 925 318 208 686 
565 533 109 334 70 597 856 423 160 51 600 796 301 206 90 469 531 980 621 195 885 77 357 103 404 841 951 985 797 866 653 940 910 665 957 993 710 728 675 744 505 597 909 699 547 811 540 320 466 508 451 958 163 366 228 780 487 324 33 61 34 763 167 643 424 378 46 57 865 732 55 704 472 618 359 5 407 188 126 523 80 669 980 224 392 321 301 169 317 683 717 737 410 760 484 624 411 698 564 991 
455 543 119 609 72 770 642 86 817 830 955 161 0 834 697 579 709 143 602 361 668 303 449 341 921 261 987 60 657 325 782 504 310 895 899 745 614 660 664 719 415 36 24 484 143 659 919 539 404 962 28 324 458 389 730 920 941 593 618 110 507 207 106 557 409 461 990 173 428 395 251 517 365 580 828 477 880 746 672 850 390 44 814 336 594 873 330 143 202 407 150 978 184 484 4 981 35 668 759 633 
875 825 523 90 661 896 21 686 936 359 198 69 306 408 178 610 642 851 296 717 713 162 861 575 523 438 250 244 233 863 507 130 597 698 720 707 985 609 384 549 905 610 647 79 557 133 433 264 284 827 423 679 28 723 160 164 677 76 166 877 614 643 904 740 809 317 666 474 317 840 177 169 233 908 512 772 880 685 155 250 929 453 622 890 334 883 755 928 357 110 495 609 474 64 771 427 688 807 280 988 
461 847 29 864 255 402 872 641 411 428 906 772 484 208 31 887 416 799 837 592 875 141 395 651 672 607 921 583 486 274 641 818 906 755 746 695 881 99 396 347 251 441 885 279 988 663 635 443 134 685 292 22 255 707 538 331 279 12 799 38 664 636 42 809 466 346 763 303 994 627 15 292 676 343 197 240 491 283 314 796 909 473 33 217 983 939 896 667 767 814 792 870 209 803 914 257 152 612 745 804 
385 672 666 617 123 525 677 42 7 508 677 558 62 318 532 219 416 694 596 830 859 47 353 979 670 326 171 793 28 845 209 149 522 150 72 481 789 20 811 779 100 441 155 360 546 46 652 582 848 500 794 587 275 567 168 147 837 503 376 130 122 765 615 105 870 881 308 153 159 343 356 552 55 903 803 206 498 224 76 209 122 191 655 736 107 680 698 672 712 702 120 614 222 282 84 891 775 197 14 873 
705 619 506 125 7 4 495 843 894 189 530 89 863 750 622 668 118 733 864 504 426 912 901 962 191 313 638 458 92 785 732 274 507 645 837 69 430 939 864 458 776 498 963 993 436 445 873 327 614 646 208 487 64 639 16 671 7 149 262 632 258 225 960 402 649 662 825 567 244 155 674 12 402 158 465 257 207 878 982 158 375 437 642 864 797 784 294 777 402 375 290 803 358 818 429 849 314 997 323 158 
284 769 838 308 173 461 273 496 602 813 715 669 183 707 928 187 152 220 39 786 348 768 851 361 492 285 669 615 483 803 409 481 104 803 0 850 834 448 884 534 335 359 818 157 680 51 560 882 818 634 635 928 403 669 332 647 914 248 774 103 107 685 137 528 858 803 518 818 124 604 272 993 443 800 421 411 158 845 939 36 362 346 909 204 882 787 913 906 907 569 126 373 232 614 722 764 580 881 90 957 
774 626 982 203 680 847 67 677 19 52 603 852 21 353 774 991 273 737 431 215 52 422 989 209 960 406 279 846 253 460 642 235 14 595 877 86 179 293 5 604 491 130 23 523 327 797 63 387 470 948 104 421 298 307 910 603 907 470 635 107 132 198 653 634 630 957 286 311 921 998 385 795 798 207 481 2 648 764 448 88 689 384 364 388 799 151 896 74 102 372 857 365 488 590 456 721 732 187 228 198 
931 63 277 943 750 562 756 219 213 897 631 449 948 341 175 719 943 807 383 201 369 971 712 562 23 968 856 964 772 387 293 276 187 919 615 30 706 888 224 449 642 128 897 850 739 652 264 206 20 644 147 350 566 134 331 809 314 562 606 102 144 996 229 274 644 123 498 986 579 381 298 26 854 753 992 345 612 566 658 637 13 218 678 178 611 214 787 964 356 685 248 883 885 529 28 828 339 431 607 13 
535 946 192 388 304 236 750 19 706 372 367 142 562 986 632 59 806 691 897 47 397 397 579 115 268 930 270 75 305 948 139 230 418 860 25 899 887 803 106 767 523 877 280 595 852 41 551 336 286 295 840 184 702 864 209 770 125 190 422 214 425 629 824 778 293 263 278 640 168 612 470 784 293 548 977 36 436 678 990 265 391 581 59 524 542 621 525 819 239 908 934 576 574 892 513 184 558 24 355 592 
117 851 861 976 842 347 166 593 318 672 59 598 129 482 282 889 563 779 788 134 380 620 869 622 310 730 364 41 108 961 80 566 596 174 648 938 946 498 130 634 920 652 166 761 177 514 912 197 801 852 38 250 163 625 297 906 879 143 99 712 580 329 945 244 611 207 821 116 322 453 573 849 347 500 509 127 645 683 788 505 9 421 74 718 408 229 610 680 946 472 585 805 306 351 902 809 136 712 61 571 
225 933 577 586 849 340 329 854 944 220 417 623 972 82 477 271 420 885 924 260 570 984 104 391 725 261 39 261 944 515 255 591 529 149 641 242 857 153 586 225 57 989 384 533 231 514 81 682 234 500 264 644 914 523 592 604 136 156 156 828 386 61 184 981 703 962 359 552 450 396 734 972 701 983 900 851 937 664 782 280 67 727 488 519 249 34 10 717 499 527 164 147 723 532 926 999 55 791 72 105 
195 554 745 328 392 252 417 927 127 215 535 74 505 790 858 195 932 523 342 130 207 757 333 93 489 564 871 531 149 804 776 70 869 997 494 436 220 128 974 877 559 363 744 2 659 406 387 115 53 291 960 845 743 565 848 386 707 558 970 551 786 372 934 810 105 14 730 827 533 838 729 873 335 759 623 274 331 787 461 170 720 643 975 761 531 426 415 460 290 774 78 143 95 436 929 893 149 183 240 837 
774 107 100 738 576 811 807 871 639 633 950 400 637 297 372 878 274 526 752 965 315 634 546 19 804 912 536 815 436 433 494 101 120 235 108 605 501 972 793 486 186 10 724 730 36 455 689 283 429 224 518 708 214 497 854 308 629 712 934 822 830 271 160 150 779 663 220 679 707 111 447 816 900 684 941 520 440 834 911 362 964 619 921 127 364 943 417 664 779 852 916 776 158 726 421 703 234 255 394 577 
419 116 796 203 423 676 669 437 912 515 39 155 832 250 998 647 148 939 312 50 837 626 790 821 135 441 832 518 54 221 6 568 263 32 146 217 543 679 272 493 120 872 592 921 591 298 692 772 434 88 830 741 528 975 444 409 552 337 944 308 877 222 528 454 111 374 397 490 975 659 828 246 689 56 617 378 695 568 575 111 177 883 846 362 952 477 784 36 169 871 573 288 188 336 668 978 491 599 587 919 
960 67 253 712 146 706 201 703 388 717 626 558 651 507 378 141 943 911 717 772 938 615 401 502 724 110 824 997 576 663 474 997 614 120 946 503 662 758 514 907 298 66 858 684 618 419 746 503 118 335 136 371 882 298 187 268 336 120 606 639 830 103 231 631 304 492 738 873 5 35 853 534 59 898 567 565 341 154 834 756 676 873 98 441 313 838 149 505 716 429 116 290 863 375 229 783 217 708 292 525 
708 637 648 598 279 622 288 9 793 751 623 225 979 576 240 767 480 136 407 378 346 956 383 558 689 516 578 444 196 19 149 794 583 468 126 342 938 631 133 88 330 876 165 546 947 521 962 98 392 414 273 529 489 453 102 506 326 157 606 511 771 598 621 240 399 704 544 983 896 608 409 91 223 890 95 355 685 667 28 513 796 552 533 466 619 147 42 513 286 927 427 84 189 701 708 264 540 711 328 670 
513 181 310 697 789 442 715 718 2 397 438 216 927 93 188 378 803 582 298 6 183 232 797 920 225 580 771 622 431 684 832 351 14 579 138 220 299 924 123 162 683 753 538 858 713 234 609 652 438 745 41 104 606 371 882 956 251 15 133 570 761 128 730 685 165 392 710 433 588 440 566 316 846 67 288 550 974 566 74 314 383 817 84 618 251 729 630 757 11 298 225 21 896 608 618 993 408 792 635 937 
391 957 831 69 811 136 991 506 381 372 316 455 72 357 24 833 124 164 444 411 953 635 141 889 470 138 334 16 792 887 179 463 497 186 112 960 746 697 398 263 230 27 978 419 826 494 760 116 836 596 42 802 343 938 43 243 965 143 652 123 296 337 624 630 403 787 100 361 184 76 447 598 131 45 656 951 384 60 345 162 781 692 958 775 667 236 539 220 325 381 610 440 543 818 947 130 524 423 745 896 
439 824 377 230 989 881 574 513 641 174 80 639 907 199 916 692 818 796 284 985 41 999 802 885 632 468 656 68 238 587 764 630 849 692 6 631 111 866 305 498 199 788 374 108 87 642 630 957 202 687 521 548 468 756 666 879 198 622 740 345 628 163 114 657 158 72 532 853 286 624 575 823 536 754 511 995 380 27 757 379 935 974 572 18 901 688 676 668 450 834 761 243 157 496 804 152 644 264 491 490 
813 322 786 435 830 891 80 307 623 264 805 564 260 87 98 708 98 870 56 90 138 282 50 207 752 155 805 914 565 355 55 491 576 864 872 402 373 518 212 181 577 172 793 137 212 797 376 173 185 472 697 278 90 858 920 183 195 986 104 946 853 991 161 19 382 556 164 431 420 750 940 859 325 660 626 801 513 59 212 276 462 747 309 957 987 967 173 709 786 29 378 424 391 948 397 135 835 240 118 929 
312 704 714 568 436 690 480 142 950 80 792 411 450 453 963 997 860 654 4 642 888 389 326 324 971 284 944 548 970 862 207 548 594 230 334 917 588 992 466 94 930 244 509 600 803 599 519 690 103 249 735 406 562 121 457 569 777 669 985 85 54 887 987 928 451 127 34 572 332 994 989 880 458 81 332 586 437 755 383 300 681 898 866 459 410 806 450 828 339 724 460 431 764 643 880 706 351 296 348 55 
7 110 449 392 926 926 181 793 177 642 314 881 670 546 873 967 269 234 795 511 371 190 645 101 562 921 624 443 959 589 836 300 3 241 71 733 292 559 824 676 854 519 787 860 646 153 654 693 438 758 27 388 149 400 744 989 713 902 434 350 717 497 7 97 889 694 909 26 193 871 231 48 387 885 101 539 368 513 640 745 767 950 466 832 194 547 528 11 880 627 666 53 186 445 802 298 79 271 406 623 
489 651 60 587 228 786 537 624 741 289 912 539 695 942 73 675 216 738 328 579 930 507 100 151 969 816 933 278 747 999 161 917 310 719 493 802 844 363 415 881 579 539 638 622 459 419 657 259 169 502 452 687 955 93 720 168 19 84 907 489 400 650 58 794 264 17 666 151 526 103 578 9 951 432 283 61 809 57 720 54 157 232 689 277 176 779 146 294 354 708 594 950 752 119 121 905 258 528 55 905 
836 372 206 321 342 421 150 634 758 393 645 192 415 831 200 513 439 952 583 83 121 568 552 950 309 17 90 686 868 104 133 465 795 521 938 721 485 234 723 141 550 885 678 986 538 467 275 232 482 610 364 973 449 99 166 437 17 661 179 208 529 552 940 443 919 677 695 693 79 902 775 812 977 182 968 921 108 650 906 677 886 738 125 91 790 713 161 128 387 106 103 49 843 622 615 934 463 956 944 937 
808 265 766 69 640 108 523 321 473 764 347 844 378 223 421 170 766 387 875 209 233 816 529 531 64 585 200 0 326 910 625 807 946 191 798 35 571 18 869 949 84 981 111 75 465 990 305 123 912 251 326 93 299 457 820 261 956 401 124 377 949 104 915 282 812 746 339 338 854 710 376 759 490 120 269 756 317 143 299 346 732 256 962 845 485 141 563 132 824 523 867 417 706 130 309 635 406 502 461 122 
741 652 881 857 950 644 641 419 889 38 378 97 582 222 269 475 688 793 369 815 630 622 479 925 189 965 794 388 688 704 764 399 571 131 84 909 323 526 930 536 591 101 513 487 854 877 51 825 126 188 676 894 132 657 314 764 924 778 755 347 898 730 989 54 754 931 738 90 225 713 112 774 504 200 541 930 737 8 348 808 4 321 635 775 122 897 971 898 254 203 829 175 900 923 380 715 373 272 972 162 
929 33 38 83 607 632 569 791 419 529 420 218 894 311 331 574 639 866 892 440 788 765 14 778 937 874 59 63 781 925 255 549 26 416 938 455 18 895 500 381 656 830 931 134 519 60 823 775 878 444 987 253 254 31 46 792 605 75 561 184 846 245 39 982 602 548 497 495 730 82 501 792 774 513 922 712 199 62 155 250 551 479 462 838 854 897 799 81 870 589 3 462 330 34 178 330 252 112 996 449 
610 117 56 309 76 511 429 979 982 496 156 812 578 60 54 296 274 913 628 402 118 613 913 775 829 30 580 312 203 648 975 422 9 363 709 598 881 705 993 5 205 192 639 480 250 22 943 320 537 901 373 546 636 524 650 953 395 459 649 194 139 928 959 215 604 185 970 612 256 938 698 363 637 555 564 377 337 271 961 594 993 577 230 681 535 873 691 30 894 666 63 466 906 862 138 571 437 945 712 1 
824 661 295 303 381 841 639 58 42 831 860 752 753 713 99 165 313 768 72 888 291 315 543 550 240 449 80 726 688 313 29 153 923 393 918 718 256 240 672 850 379 657 954 312 947 379 145 544 151 570 733 598 27 209 368 849 444 51 924 994 208 210 281 624 510 163 300 121 959 762 189 205 278 139 512 948 684 301 500 941 999 374 144 601 696 916 935 9 213 570 428 427 731 637 646 784 535 830 780 230 
879 641 138 134 858 514 904 530 52 598 452 429 651 98 616 471 841 524 353 879 180 717 1 816 738 245 264 143 663 843 715 943 499 312 335 192 367 387 82 942 298 955 454 901 184 165 123 198 225 729 85 179 646 532 996 818 675 293 304 128 399 241 640 993 959 393 633 353 317 449 643 12 151 372 8 208 465 281 237 556 897 285 281 507 751 647 847 127 455 295 458 276 815 432 71 469 140 447 300 132 
252 189 269 711 942 717 928 78 656 982 837 291 222 540 817 977 869 334 124 919 962 220 39 643 410 859 135 320 211 318 202 743 807 640 46 180 580 77 202 950 460 171 525 759 658 946 284 166 84 943 903 197 691 726 448 60 219 544 953 669 270 714 434 209 245 594 632 409 235 363 550 191 318 22 389 188 233 808 357 830 713 615 40 979 718 77 738 686 34 445 262 928 608 929 390 98 324 768 479 470 
504 767 132 129 286 259 93 389 750 697 175 544 59 438 790 745 388 175 840 992 639 659 934 198 562 36 839 754 366 758 500 4 642 81 281 919 648 608 875 861 435 547 622 986 316 948 98 182 132 912 113 326 474 145 642 963 704 743 456 567 480 328 548 412 186 36 678 967 789 569 744 502 617 68 727 494 759 931 928 940 850 475 2 881 412 484 225 801 983 536 620 64 600 235 83 69 190 695 96 504 
195 782 571 608 111 851 603 998 138 454 806 219 762 877 481 246 638 598 31 23 490 502 45 73 140 220 279 745 780 856 851 812 165 960 160 585 372 31 147 398 584 31 926 886 594 730 309 81 849 813 411 945 218 891 869 584 719 673 814 828 477 910 987 971 352 42 768 198 506 460 788 225 454 970 792 686 323 562 115 749 525 842 414 417 87 557 553 429 35 760 742 170 111 977 924 620 63 281 45 763 
224 796 285 403 967 475 219 605 860 428 347 802 452 528 759 419 837 143 704 210 365 475 145 148 859 525 344 709 132 766 286 869 816 534 591 416 525 256 18 888 62 45 838 92 431 487 508 82 980 820 562 177 633 538 339 850 279 971 253 815 289 913 309 96 315 749 172 804 334 735 665 204 456 387 994 153 149 524 645 483 102 388 683 48 248 12 314 713 298 624 727 766 238 836 814 496 852 560 65 25 
424 400 651 669 288 446 632 220 956 99 380 358 886 327 169 642 695 530 894 933 53 928 862 569 190 255 939 384 380 186 311 610 660 997 869 925 279 788 253 516 614 254 670 710 573 234 202 359 33 648 813 347 677 762 118 941 15 483 491 895 187 160 694 239 247 752 35 585 482 241 46 58 460 593 745 812 84 85 217 902 313 613 606 48 98 573 999 17 780 520 637 906 327 647 780 434 484 41 371 208 
26 34 555 949 845 554 193 361 798 956 789 391 69 509 319 723 353 466 846 334 354 439 357 904 371 648 282 883 566 10 951 236 951 452 598 62 750 2 808 462 644 380 213 979 124 517 20 566 595 678 504 247 944 575 197 46 925 489 249 213 648 977 890 749 912 774 629 205 843 196 742 715 7 154 772 20 849 267 68 802 164 540 778 272 412 403 38 151 796 417 147 605 86 131 750 819 807 296 243 640 
517 330 325 767 956 135 956 658 865 147 193 318 493 217 52 325 805 770 43 595 56 295 16 271 305 856 196 423 152 425 429 728 400 963 210 917 25 790 300 661 524 866 939 717 677 717 949 793 615 952 818 78 690 405 974 239 413 450 259 84 4 245 949 499 338 505 955 258 847 292 516 223 202 782 489 807 758 85 904 712 132 920 275 488 534 706 928 116 834 607 409 341 623 23 89 179 53 24 441 696 
522 519 608 269 785 9 182 762 513 962 482 918 906 143 404 109 583 34 817 661 80 860 213 911 599 572 220 84 573 84 634 382 812 927 814 632 609 621 347 831 379 200 500 81 138 488 702 704 966 195 793 724 609 353 59 764 157 87 379 499 290 121 622 312 516 878 602 862 364 439 502 618 990 30 991 978 693 792 23 168 341 30 249 40 21 438 186 459 936 957 155 322 245 230 503 792 581 162 978 589 
154 250 391 279 561 563 393 139 355 228 259 983 832 681 702 972 294 54 508 107 413 324 453 958 7 560 663 833 302 429 811 155 906 317 463 834 583 892 459 131 805 547 301 113 741 959 315 55 862 119 646 440 219 194 507 519 149 552 588 673 189 992 413 154 373 986 962 401 510 181 159 297 907 158 553 829 352 448 794 482 289 884 861 123 855 242 232 389 949 863 736 771 996 689 625 608 297 125 67 532 
329 595 815 304 457 36 999 847 33 188 560 641 230 56 777 699 741 522 944 332 277 689 827 114 982 544 764 813 719 463 250 705 83 784 512 187 262 389 279 227 226 237 312 684 626 776 157 264 997 701 268 374 423 118 573 850 210 174 567 562 200 741 593 237 635 663 597 759 62 447 890 862 284 941 554 225 663 754 340 966 76 823 593 508 490 340 936 90 627 547 291 787 667 698 493 288 884 546 424 309 
81 61 936 190 818 174 365 706 65 110 149 411 484 205 977 300 365 588 845 29 640 726 38 123 507 557 660 92 971 504 656 958 475 501 741 364 515 186 513 213 710 250 930 423 537 400 277 392 450 218 121 863 139 872 670 876 912 314 527 589 601 495 717 573 271 185 210 178 573 67 907 287 229 635 882 108 242 9 61 474 249 145 303 221 25 159 791 378 621 872 92 694 887 201 3 346 549 608 811 587 
