LINHAS = 100
COLUNAS = 100
155 731 606 650 196 63 271 968 37 248 547 574 883 959 934 315 75 802 701 864 544 606 577 172 112 797 863 583 732 564 306 180 242 150 327 414 583 614 990 12 199 936 127 116 494 522 116 832 673 337 732 350 760 711 495 241 957 989 77 963 399 773 211 491 125 8 536 639 371 616 478 521 565 699 633 484 412 196 110 162 419 549 428 455 583 873 733 494 733 418 389 116 281 56 379 991 40 86 141 357 
92 167 858 366 722 42 5 495 563 265 307 393 770 921 46 80 942 649 41 780 991 596 120 899 74 167 102 441 720 977 594 383 563 302 420 784 896 790 771 905 124 630 141 90 650 978 56 695 711 637 97 462 408 330 599 580 681 863 179 344 655 573 194 633 703 235 386 561 836 705 854 806 82 125 349 390 116 767 912 688 609 109 998 734 283 247 387 372 529 68 524 620 166 201 124 569 396 758 18 725 
280 737 973 162 550 310 410 475 638 856 521 971 657 208 809 181 137 157 756 55 963 678 899 22 957 839 486 61 509 230 572 42 221 280 865 694 833 550 667 194 3 992 955 244 110 499 462 478 765 474 187 637 535 266 534 344 221 38 164 585 387 934 18 475 408 751 645 473 200 543 840 655 265 463 654 994 251 771 321 146 522 784 676 213 152 603 517 833 803 348 760 580 239 915 614 913 340 51 910 159 
846 160 806 760 655 528 783 510 875 759 576 996 229 363 199 578 266 115 898 600 607 481 712 903 247 594 596 253 74 356 55 326 636 503 584 758 520 316 69 75 255 591 517 611 832 797 864 266 935 590 208 991 899 483 215 629 204 426 786 412 431 143 469 315 53 236 33 365 132 292 530 174 828 429 748 996 575 180 698 263 632 547 63 286 515 691 745 403 274 791 846 432 398 739 251 16 488 99 948 929 
887 370 263 240 800 422 680 690 254 934 280 389 535 515 893 708 37 354 313 508 770 230 327 868 599 577 40 118 980 244 447 945 687 122 379 155 884 82 325 218 237 844 126 462 770 569 919 305 547 852 627 856 958 338 650 660 536 561 809 720 702 743 387 161 481 740 801 726 36 324 245 308 885 556 2 643 162 296 645 267 241 256 207 756 478 232 697 182 194 428 45 127 613 392 534 911 374 466 378 262 
912 164 950 570 78 385 710 896 584 547 2 911 10 866 860 803 499 868 464 634 217 59 341 991 842 355 660 187 817 405 148 405 26 902 625 680 464 808 315 420 942 740 144 511 741 541 561 679 112 727 945 222 484 508 633 142 211 977 273 995 523 445 320 498 182 311 401 659 777 151 657 841 578 427 236 221 323 795 341 974 299 117 975 290 994 350 686 747 181 766 573 365 132 733 195 623 496 472 924 814 
265 664 444 604 524 145 816 896 988 459 82 730 864 329 196 212 585 186 575 860 314 824 27 850 450 389 245 166 406 504 948 704 826 189 113 261 897 377 870 482 365 182 223 550 703 276 418 567 292 463 838 528 25 562 573 757 354 732 599 330 620 68 744 681 107 163 734 630 161 717 334 970 343 524 737 861 487 862 442 805 259 687 350 395 760 209 788 212 122 994 990 687 712 450 595 193 78 729 738 245 
591 635 90 442 939 573 671 327 320 477 835 149 257 576 963 898 484 769 102 664 244 918 395 269 437 913 132 328 878 742 636 940 188 160 895 735 237 71 878 478 938 957 578 906 886 61 700 930 800 414 651 612 882 162 725 732 157 55 874 773 345 975 29 529 873 716 27 287 710 129 342 26 675 389 989 930 711 39 686 739 752 577 191 892 445 232 194 272 592 870 636 618 242 472 951 868 282 724 173 723 
652 145 280 783 326 17 390 65 990 654 132 612 530 221 538 850 10 423 348 499 726 439 995 300 456 887 23 700 864 293 502 649 491 840 107 203 883 841 661 391 711 20 807 663 550 158 575 182 450 799 154 695 542 133 433 275 986 617 965 409 439 351 206 866 357 436 189 436 638 586 612 52 883 911 546 629 96 839 809 949 583 440 825 247 669 832 951 988 991 786 665 71 86 830 641 391 404 697 561 179 
820 556 561 367 425 228 920 772 270 614 327 521 501 996 234 953 801 309 531 755 616 446 327 982 206 625 462 51 66 737 696 499 197 111 201 615 790 130 373 901 825 687 165 655 875 751 228 234 106 440 327 524 340 571 335 449 338 589 649 51 696 735 723 308 67 273 512 682 779 829 985 352 165 871 722 261 280 767 563 51 792 382 455 138 301 236 701 569 967 877 114 476 350 171 289 278 146 852 379 422 
471 613 877 689 369 745 375 218 257 149 261 279 429 543 745 834 297 115 673 922 700 757 465 892 346 295 340 204 546 307 825 369 899 477 847 851 904 267 335 587 845 514 768 140 251 783 797 67 570 540 23 730 468 769 338 102 722 995 541 831 499 123 46 474 356 70 977 289 281 459 560 256 467 314 399 558 961 566 368 887 241 128 742 374 713 815 113 435 619 59 249 973 752 651 967 565 902 27 800 839 
512 739 407 36 905 796 113 860 902 713 267 991 328 531 839 335 895 166 855 373 726 664 814 129 78 850 475 697 490 185 457 182 226 14 501 711 468 726 178 682 102 710 75 708 867 981 557 175 336 91 504 351 266 262 917 646 454 323 612 284 421 336 82 571 644 844 5 268 646 869 227 723 46 781 574 759 597 382 612 938 620 174 469 307 2 384 941 898 636 294 76 163 707 820 222 857 977 651 529 485 
150 26 151 560 189 369 309 263 808 310 428 219 398 776 101 430 945 235 471 640 745 433 493 989 795 512 941 68 218 902 621 658 665 639 498 239 423 295 142 936 873 576 275 497 584 878 516 772 228 195 514 991 569 520 648 445 127 865 452 463 28 684 239 527 354 890 410 869 467 431 93 996 130 824 710 762 203 770 740 907 301 112 613 312 663 896 423 687 520 605 957 305 726 400 475 913 542 817 588 426 
63 673 698 561 306 885 691 240 0 281 637 194 256 703 774 670 218 268 706 55 464 605 0 743 226 65 456 64 791 149 421 188 523 945 456 298 252 947 369 612 41 323 884 217 123 66 799 896 302 331 604 557 718 30 361 516 384 482 427 573 256 439 866 660 347 461 218 339 628 356 347 653 743 815 336 553 714 412 287 315 838 16 325 454 795 335 443 855 380 531 613 99 18 524 216 424 141 442 162 735 
918 813 14 460 798 620 981 298 199 167 231 677 332 527 836 894 240 889 574 159 24 205 230 499 281 190 895 251 535 711 337 806 682 841 772 651 35 103 607 65 662 798 866 218 785 337 173 530 650 794 490 262 919 938 88 423 135 206 495 286 457 982 290 725 421 868 480 236 239 584 92 547 473 433 628 799 558 983 509 551 627 814 973 952 732 925 522 422 376 853 599 115 761 230 32 639 935 398 23 748 
699 799 725 976 444 849 461 358 596 382 129 341 328 9 380 370 803 908 370 461 761 207 951 665 336 742 825 402 431 772 676 700 761 832 447 809 850 859 507 485 848 408 888 5 162 185 319 313 372 510 316 59 102 866 753 824 408 937 134 548 484 307 514 994 613 525 798 416 294 623 785 928 181 731 899 671 585 291 185 971 952 26 722 730 758 543 871 233 383 702 649 736 996 346 936 127 518 257 837 614 
925 897 10 214 35 537 674 733 22 495 732 564 202 148 834 607 632 166 192 438 775 64 518 198 534 852 126 551 895 7 41 111 730 992 368 637 857 275 593 57 934 149 768 632 120 544 70 382 574 519 529 713 500 792 180 898 312 246 80 7 673 925 569 241 442 408 618 569 932 764 143 295 706 2 930 553 93 403 716 94 775 578 461 537 704 53 699 765 351 910 428 273 600 923 645 259 900 459 781 918 
64 154 765 416 977 351 669 861 275 853 528 984 608 135 276 430 867 176 839 359 477 515 634 404 901 584 634 763 347 568 599 148 844 301 776 393 651 654 368 725 930 912 674 185 844 971 195 923 777 59 593 209 506 207 937 327 756 509 678 956 402 733 173 573 437 183 202 172 568 505 888 740 338 281 82 256 920 670 77 644 880 343 619 103 499 999 585 854 427 232 905 861 62 162 593 549 204 849 887 548 
111 421 616 593 467 173 379 375 472 88 487 496 328 676 53 598 219 576 116 782 428 884 674 486 73 708 258 174 953 53 867 58 269 795 982 206 50 847 8 227 544 534 602 860 15 495 707 823 387 396 456 254 630 702 547 572 419 276 645 477 723 493 423 147 189 40 116 109 547 268 168 976 82 821 51 646 276 125 26 569 188 489 738 475 642 443 711 469 775 144 539 488 601 898 473 749 161 10 107 174 
432 998 187 508 556 80 492 405 359 105 986 314 681 786 229 152 587 633 710 976 398 605 258 418 834 316 583 313 71 594 472 926 63 571 747 561 991 400 975 726 945 143 334 766 837 829 600 534 204 373 24 953 533 420 18 804 389 159 580 713 818 965 393 505 570 115 713 52 731 217 130 309 166 516 412 644 674 673 443 852 120 666 238 151 270 504 706 210 888 313 438 185 125 634 881 188 519 409 402 140 
988 100 129 402 620 738 374 420 906 623 221 498 99 498 665 838 703 398 181 641 136 374 182 246 179 933 536 146 678 398 858 459 392 884 557 718 204 37 713 622 41 691 430 365 674 941 560 448 175 150 663 777 924 535 311 869 40 975 236 82 147 597 296 506 849 364 556 493 615 610 149 155 189 573 809 490 237 925 472 991 681 675 625 166 226 627 762 753 823 6 333 587 123 313 581 610 319 960 679 620 
961 688 308 573 186 856 134 992 716 46 426 132 826 281 521 240 670 638 279 570 424 35 124 927 830 354 632 130 986 984 407 372 13 989 548 157 341 273 857 714 68 471 712 510 730 232 97 629 733 24 816 816 621 207 856 79 435 352 299 916 666 428 140 361 39 885 448 326 426 821 198 602 574 397 657 352 306 894 479 344 729 64 846 448 435 12 151 214 965 856 734 311 311 61 815 630 305 503 509 627 
645 152 350 905 70 53 582 77 734 802 588 523 442 96 956 110 604 216 36 204 124 593 207 706 47 499 96 726 681 163 885 951 378 417 732 864 615 286 199 47 267 496 820 29 828 914 126 241 92 22 307 60 777 618 136 791 527 726 558 585 368 595 35 555 112 607 146 80 81 298 847 498 267 776 92 517 916 368 589 808 301 680 575 739 781 658 188 755 847 868 667 775 505 41 222 846 561 33 578 592 
267 240 191 281 280 61 159 822 222 856 694 831 186 618 603 193 460 676 534 771 300 72 514 290 480 755 784 18 125 928 635 388 64 587 645 803 303 147 212 600 211 119 312 538 667 448 930 485 792 787 434 801 491 262 522 882 463 369 988 406 181 743 23 117 736 788 755 775 632 123 191 586 316 251 598 641 761 370 293 815 871 978 887 532 808 7 680 286 926 130 692 42 269 569 495 644 748 356 478 368 
797 704 538 825 126 412 337 482 803 606 322 252 393 18 582 76 310 121 941 244 404 968 276 831 521 378 251 648 507 53 669 607 205 692 682 7 929 899 500 156 592 748 60 307 607 56 49 594 74 757 588 691 692 648 107 423 438 32 283 196 734 883 219 438 545 977 1 570 940 419 114 811 964 11 821 880 620 534 965 474 957 485 949 958 812 822 714 743 153 651 953 957 756 355 501 703 626 79 651 276 
425 61 733 393 230 893 172 314 540 277 151 891 40 600 628 189 310 566 312 325 798 53 178 649 38 519 290 555 916 888 578 987 946 394 920 128 664 133 523 588 600 16 24 325 992 404 275 988 777 55 67 24 359 980 994 75 327 320 444 667 256 431 508 347 30 123 315 267 540 508 527 983 182 923 573 640 108 969 959 61 882 915 111 624 236 284 957 157 796 744 317 786 537 239 451 852 180 694 366 438 
643 222 968 253 300 487 675 891 46 23 995 455 990 26 94 149 339 310 862 409 987 460 550 476 446 917 454 237 793 215 619 170 407 347 45 662 107 454 104 184 535 868 72 35 433 514 191 297 89 602 888 5 115 748 2 81 991 725 649 25 659 402 913 236 108 61 732 275 437 462 587 832 893 719 379 861 635 531 203 912 760 923 486 161 811 136 554 583 615 766 869 730 318 59 271 541 547 728 171 503 
168 950 750 970 745 587 221 407 842 795 146 153 927 843 638 15 723 727 838 325 682 375 879 541 334 843 119 806 107 646 491 37 96 139 404 227 778 174 646 524 286 23 207 589 144 209 715 760 520 939 164 613 249 363 3 995 313 694 692 892 484 923 76 159 9 962 166 40 927 397 116 338 202 943 543 41 129 789 679 566 549 149 600 185 242 440 488 918 499 127 141 498 515 307 271 203 283 502 691 848 
106 984 539 662 143 813 47 655 711 798 580 503 899 781 311 790 745 929 466 451 979 741 443 420 14 737 545 258 903 721 226 837 572 330 35 611 688 651 421 885 389 225 205 253 132 618 36 44 115 595 207 685 724 167 770 28 481 284 515 901 892 985 37 281 892 414 473 77 599 572 371 150 678 18 989 829 276 543 800 362 903 582 937 999 497 890 750 668 887 715 9 684 331 189 550 480 656 315 204 805 
679 301 33 518 154 890 499 497 832 612 771 992 827 600 112 525 234 756 83 94 168 554 574 862 826 605 58 859 387 957 131 743 458 142 84 229 756 436 200 585 537 185 357 137 457 836 868 290 742 561 502 888 774 29 923 781 657 817 920 295 437 161 819 172 948 232 67 333 222 9 361 44 933 226 454 607 22 423 992 942 610 936 950 333 236 942 611 328 365 996 501 449 63 931 590 272 435 89 548 219 
670 53 446 281 402 116 603 65 753 281 271 280 662 847 919 428 400 216 531 212 932 42 439 235 104 395 411 192 636 203 530 79 906 686 306 718 254 746 433 685 521 570 4 207 966 507 527 245 781 835 776 60 146 107 537 90 772 437 636 278 449 504 811 655 280 362 122 65 602 292 806 539 559 516 234 306 712 446 106 576 237 697 625 143 401 601 595 749 629 944 881 625 324 547 696 408 465 370 404 524 
734 76 653 158 499 857 310 747 336 754 843 123 276 894 501 763 106 621 557 596 553 90 993 301 466 26 684 537 66 245 935 820 338 165 91 765 869 245 637 446 145 132 328 28 657 145 100 844 567 893 315 425 640 751 769 22 515 808 472 926 883 804 942 623 801 719 704 40 860 822 723 423 806 402 652 72 297 775 941 956 318 37 19 249 997 137 1 920 204 687 402 955 506 150 71 171 961 875 125 153 
232 887 333 103 831 894 524 495 544 820 284 943 581 243 536 909 774 747 489 178 873 266 217 355 407 195 719 373 686 403 431 122 578 307 861 308 338 720 986 112 268 419 878 450 114 577 568 983 187 781 661 612 823 312 201 374 655 809 760 629 669 917 977 342 748 377 438 523 789 954 231 580 585 700 769 527 130 874 785 610 294 387 150 444 318 86 467 283 397 199 754 783 38 563 716 322 1 921 990 48 
747 15 832 143 862 387 954 263 436 950 523 918 281 797 483 74 743 611 924 725 201 539 996 453 584 266 436 920 946 469 757 629 968 885 169 173 240 56 355 291 416 642 578 934 41 324 593 566 412 408 666 826 602 350 307 286 661 328 557 582 302 381 627 698 760 861 781 771 130 618 663 121 331 718 597 983 185 268 571 954 885 304 74 246 584 918 982 621 287 894 805 886 284 258 861 190 618 606 885 2 
832 605 24 201 159 951 767 639 224 291 900 404 780 327 824 364 644 100 571 645 72 229 38 885 574 322 216 101 579 339 937 696 757 436 701 188 346 213 31 678 442 253 431 609 800 897 429 561 858 289 585 402 952 931 720 81 499 806 915 558 623 165 987 783 453 347 482 421 985 194 37 386 346 462 414 177 453 261 66 636 940 617 282 592 0 963 344 968 409 551 857 137 689 977 442 653 135 301 764 938 
291 560 333 95 625 869 741 673 940 421 618 236 420 925 135 698 850 484 418 439 25 553 32 255 446 451 532 49 939 586 335 730 618 396 925 899 114 917 131 180 974 510 446 265 975 672 184 11 646 854 841 728 932 465 573 833 677 499 626 792 918 854 330 924 370 218 654 452 488 154 431 485 32 522 205 948 820 764 834 716 838 805 50 552 860 563 198 508 12 787 977 963 761 5 919 166 906 186 8 157 
249 35 213 655 125 300 390 745 993 127 29 318 567 372 871 398 393 79 530 835 703 201 895 418 484 461 728 107 345 520 616 547 291 904 767 314 180 876 675 29 643 43 168 163 138 236 964 317 417 759 395 994 605 804 296 862 796 409 792 186 883 887 670 572 723 857 684 934 425 565 725 764 635 449 483 974 703 62 505 452 315 77 841 634 293 862 347 545 310 478 572 963 782 460 167 738 361 937 471 699 
502 665 656 619 993 225 232 814 112 843 897 778 568 886 530 968 968 551 791 439 227 700 528 823 968 899 649 863 252 19 340 194 5 922 601 676 441 530 241 187 320 978 764 275 16 710 68 820 180 935 962 502 640 274 621 935 909 428 801 352 68 22 900 374 888 998 402 954 286 54 497 150 570 299 776 247 901 529 286 955 745 714 506 466 369 642 32 135 55 881 602 396 681 733 162 629 295 113 809 957 
892 628 870 832 759 936 858 794 246 719 509 989 686 379 880 847 524 283 517 888 396 717 934 62 395 387 73 391 283 629 240 367 968 526 890 881 265 358 322 562 105 476 36 439 766 216 31 972 453 917 907 572 256 740 63 103 959 977 859 923 967 339 799 587 846 342 294 650 937 788 151 828 527 421 922 809 319 636 907 946 836 920 27 58 166 117 582 55 771 929 743 216 976 533 729 32 288 864 139 306 
869 756 585 467 743 505 283 704 549 655 422 940 244 765 647 317 447 341 820 603 974 222 629 393 685 268 420 851 920 414 378 856 933 964 837 378 386 625 682 658 587 308 216 198 42 367 791 229 335 875 181 875 776 115 819 358 428 666 249 144 163 339 591 8 285 826 897 455 309 125 394 373 657 497 974 942 744 556 509 543 935 729 602 706 711 683 178 40 927 40 87 192 696 621 556 745 102 911 838 656 
731 429 493 109 979 264 654 780 609 455 589 154 678 350 830 693 786 123 726 562 720 826 304 937 208 752 78 892 312 553 827 475 968 330 122 550 210 372 972 764 62 391 355 446 521 662 898 869 227 121 392 876 91 340 319 941 397 587 482 557 12 794 65 522 240 119 281 985 847 903 113 379 694 472 967 485 113 625 534 762 295 599 21 151 20 536 238 800 828 293 459 312 477 809 772 688 18 274 625 113 
29 291 996 903 328 969 506 991 708 490 864 292 263 711 381 700 515 547 725 52 838 480 356 243 815 94 238 399 352 177 210 488 38 903 748 433 978 185 184 69 535 780 551 761 246 879 594 836 890 632 806 52 838 807 180 93 249 235 951 775 273 158 652 13 804 676 986 791 345 847 595 228 440 60 754 821 973 955 64 864 938 16 891 522 553 334 772 922 362 903 827 543 248 361 350 757 816 176 564 163 
348 719 710 425 834 493 965 956 692 624 145 350 21 875 318 77 107 465 346 425 655 679 926 243 158 7 688 89 302 959 919 216 735 945 831 654 936 442 59 398 336 446 688 633 699 487 259 244 540 976 373 353 774 821 45 223 902 252 592 276 919 705 986 917 634 810 166 961 281 397 891 539 790 286 634 87 85 930 842 423 191 588 775 946 605 919 347 32 283 40 375 766 359 504 721 565 491 532 478 835 
934 57 911 510 295 501 388 5 729 955 826 101 670 496 402 127 598 343 163 881 222 93 636 908 983 214 642 774 882 516 637 235 67 544 149 166 238 907 840 161 213 986 714 428 482 970 473 181 522 354 593 269 819 356 866 763 303 220 341 755 196 861 37 589 52 823 202 90 543 868 634 441 64 214 487 632 948 606 164 989 122 382 650 797 258 615 209 759 27 408 653 210 792 261 999 953 458 681 410 677 
846 96 850 357 779 553 789 705 250 894 509 31 301 604 257 583 936 38 695 963 828 741 256 507 234 706 784 232 136 266 862 611 968 162 670 414 571 595 409 695 103 534 288 674 387 619 314 664 458 984 260 939 981 301 928 607 766 571 92 345 465 396 226 165 761 556 564 20 35 716 48 213 852 252 255 668 241 96 414 234 643 716 808 972 658 539 645 368 94 195 280 228 646 616 757 50 283 469 512 568 
420 892 923 300 597 407 161 694 558 380 11 141 749 956 228 600 1 507 577 778 817 226 668 188 340 58 847 979 700 864 406 199 259 58 229 311 139 180 847 128 12 410 553 946 500 3 327 671 714 912 767 85 803 622 442 301 477 51 556 893 168 201 825 178 569 95 439 902 738 364 326 687 683 138 268 465 325 779 561 706 626 258 950 492 680 673 220 390 375 585 353 420 576 594 375 108 671 2 466 707 
383 357 581 58 220 822 294 701 511 977 427 53 315 483 937 946 925 453 431 246 211 623 979 108 840 30 886 104 179 46 721 562 591 282 746 76 81 772 571 202 831 658 973 0 631 337 926 744 915 814 358 626 938 5 361 63 650 207 634 673 960 208 768 931 988 794 586 435 830 329 540 79 682 444 320 719 177 164 149 94 897 147 842 599 413 977 27 713 671 55 684 981 556 646 754 607 747 674 664 233 
937 28 693 991 951 119 429 13 645 278 117 423 933 921 918 438 978 670 933 657 5 123 545 931 709 767 184 645 811 937 766 996 195 528 98 528 411 644 808 835 499 185 379 652 655 505 186 505 289 812 642 430 825 762 350 548 590 412 506 231 355 492 602 621 531 947 72 114 265 93 972 844 210 913 695 744 213 852 41 30 431 824 281 799 51 386 467 504 897 343 276 838 894 285 499 55 291 388 357 140 
610 467 45 484 16 725 134 987 201 80 780 125 859 307 919 28 192 808 222 486 631 190 324 332 282 280 265 217 503 153 958 329 381 758 415 552 678 698 196 958 79 315 82 898 765 992 947 596 215 331 354 15 483 146 77 370 222 125 72 769 931 679 80 297 175 882 719 348 527 910 422 98 53 893 46 489 883 307 509 444 483 61 680 699 385 156 674 524 430 603 646 142 325 958 904 121 41 969 715 546 
702 197 110 309 536 99 449 429 595 659 727 820 169 935 426 910 845 871 461 747 732 512 228 108 376 782 420 350 300 397 429 740 506 415 747 910 167 493 231 505 971 659 484 478 13 671 573 409 733 405 513 583 597 157 500 633 33 700 634 275 485 821 572 111 852 776 60 368 84 537 890 38 343 41 822 425 817 120 5 405 165 838 136 275 674 853 838 741 96 825 36 456 126 736 864 242 356 99 893 977 
429 938 935 693 874 156 268 123 419 774 617 765 619 958 194 455 134 320 41 591 560 771 276 164 867 46 358 296 79 126 542 490 151 865 584 653 596 533 415 647 617 614 729 594 159 283 286 603 223 745 480 169 79 18 333 790 875 228 640 409 243 49 826 404 505 608 64 434 350 731 458 814 92 952 80 578 169 832 981 877 500 814 540 288 840 921 344 950 396 57 394 755 470 65 823 842 584 872 452 561 
686 166 647 415 966 672 32 720 538 391 865 639 618 487 723 893 244 236 362 519 3 952 681 774 738 742 389 390 640 27 873 237 354 887 214 884 753 355 524 995 505 395 248 529 100 992 152 665 119 764 802 698 13 57 189 316 765 698 130 37 804 666 112 892 863 809 346 104 545 3 984 885 846 902 318 211 33 948 775 601 822 601 243 807 867 633 152 696 572 962 552 199 809 628 620 93 895 719 440 92 
58 811 999 252 995 20 929 296 126 458 27 15 361 722 353 282 184 758 157 958 428 223 312 813 376 354 992 205 498 115 697 718 183 736 117 299 556 868 809 455 916 561 645 177 995 143 90 630 794 770 784 202 680 647 87 833 833 65 253 899 29 942 906 156 483 346 644 699 330 231 878 854 28 968 536 346 768 0 510 330 911 999 964 194 814 894 725 985 33 951 185 4 900 991 333 581 301 404 947 403 
182 846 666 141 607 147 814 105 734 85 315 497 763 282 237 254 487 723 695 767 334 966 190 998 988 249 18 882 201 189 687 479 594 204 833 925 530 829 113 455 552 67 487 474 245 141 548 639 553 127 312 982 113 991 616 969 560 66 901 550 373 702 264 970 377 700 665 652 256 144 795 662 420 810 857 331 604 340 34 689 487 829 502 672 424 2 675 420 735 346 429 128 336 795 538 89 704 36 314 243 
891 867 688 77 800 212 128 790 92 88 715 928 653 403 249 245 652 891 804 809 159 69 772 724 347 976 444 434 307 75 80 199 376 527 104 336 267 683 421 811 878 521 975 179 367 50 653 195 475 712 698 115 338 551 425 225 500 446 841 343 569 445 908 316 558 584 209 174 92 797 684 389 372 539 134 494 819 382 65 919 924 214 783 780 92 648 114 896 922 398 770 246 379 938 325 26 843 384 458 711 
304 417 10 344 768 752 834 868 758 928 856 279 888 520 935 665 457 117 275 16 672 645 338 616 852 405 596 291 764 564 931 311 824 755 928 789 479 306 968 376 162 865 767 915 671 308 545 68 138 267 179 611 322 953 983 968 916 657 576 471 548 902 580 445 352 779 304 248 824 504 919 860 861 502 685 99 742 860 522 398 357 877 474 530 232 218 551 549 940 382 222 253 849 569 496 55 43 625 697 993 
765 26 199 942 476 417 808 274 523 727 487 771 264 144 424 837 883 224 831 141 275 767 693 332 287 303 380 101 147 561 386 422 913 630 257 497 524 348 333 95 669 751 974 47 895 951 151 331 252 612 436 112 505 935 54 144 416 306 768 799 640 506 498 402 584 126 723 24 771 679 120 258 413 294 675 143 410 507 320 183 190 921 132 867 347 154 155 439 639 146 977 788 214 653 74 601 773 105 950 41 
81 486 811 302 250 114 569 809 117 434 815 805 392 630 819 46 377 827 391 760 939 131 871 254 400 478 252 773 410 144 286 775 748 124 245 381 868 879 964 575 670 241 59 766 380 221 679 53 214 438 612 226 757 234 459 989 135 981 975 458 441 543 367 200 81 758 408 200 351 208 976 175 240 897 328 779 145 688 144 228 591 608 874 633 531 650 153 41 154 328 908 410 58 621 716 491 533 469 15 978 
669 338 784 765 303 776 314 461 182 955 48 514 110 690 371 570 252 971 142 153 505 542 170 880 393 489 805 411 540 654 396 285 838 684 896 262 737 626 965 913 828 550 857 952 153 312 507 639 294 40 857 607 204 496 375 588 707 121 515 524 321 615 958 731 903 254 377 726 82 32 464 216 388 412 703 700 272 543 71 681 243 536 715 354 105 320 881 589 809 918 334 495 8 324 397 766 102 479 463 24 
311 462 450 298 151 437 294 868 354 2 865 979 880 715 446 534 822 185 736 18 135 109 675 869 850 836 910 165 685 943 871 522 668 137 819 793 106 517 875 941 543 301 922 85 286 49 122 245 212 878 508 542 729 187 764 563 496 227 400 90 43 583 440 657 653 770 686 950 44 334 47 106 576 790 588 568 128 727 8 716 129 295 305 182 491 56 299 815 269 5 976 652 710 853 629 557 784 748 174 221 
796 183 436 327 61 473 114 874 51 265 971 248 987 430 337 737 248 647 783 881 100 75 455 241 634 453 485 904 159 825 610 535 672 367 56 637 908 7 825 391 890 907 756 789 339 805 863 910 763 267 787 287 655 856 481 425 594 9 887 5 571 464 176 941 782 280 191 143 734 239 849 168 688 519 552 988 259 583 364 550 92 8 447 400 33 965 989 289 632 61 929 883 529 809 545 254 165 768 650 591 
560 567 670 584 289 522 206 714 811 524 283 181 58 894 324 256 190 158 33 624 602 988 851 232 328 747 160 666 739 481 619 979 487 238 191 105 986 610 416 768 546 868 950 918 831 621 788 293 678 261 105 598 574 369 3 200 810 500 743 877 836 816 373 967 474 713 960 595 499 761 437 296 470 364 18 577 920 770 99 514 909 630 160 28 348 659 505 685 446 303 199 794 447 705 974 452 785 398 563 825 
694 823 230 118 221 841 371 61 66 352 190 861 143 648 801 705 573 616 701 506 903 491 406 982 69 936 846 91 782 519 347 674 133 608 524 201 989 983 986 905 4 941 449 183 913 405 144 683 398 848 475 654 256 675 785 898 746 704 785 86 608 840 75 276 666 53 801 167 915 925 744 92 292 881 359 575 745 861 194 252 527 53 352 502 473 998 52 990 132 301 425 209 375 807 152 986 579 198 926 567 
473 706 985 556 442 946 102 584 45 587 195 994 249 300 19 553 845 141 610 981 446 954 906 606 518 491 684 161 229 591 322 97 563 452 146 427 722 877 779 246 260 477 568 832 303 193 657 269 170 95 1 11 421 610 331 729 756 760 105 658 927 260 452 712 319 73 358 909 81 343 844 988 254 827 899 888 642 687 714 751 612 45 631 502 624 130 775 160 74 80 324 171 748 122 944 25 986 737 794 472 
268 587 884 301 812 236 916 785 900 272 865 244 566 946 563 471 518 225 182 646 991 361 521 957 914 660 231 574 382 596 381 297 744 235 332 93 218 405 288 757 452 258 857 169 693 526 806 1 872 93 517 769 472 168 218 159 867 69 443 369 375 847 732 368 267 720 869 142 500 683 998 733 32 413 525 829 620 509 638 72 472 444 987 683 250 170 49 698 437 745 340 940 574 986 206 128 801 128 674 411 
931 143 207 272 210 607 738 118 356 895 797 562 453 404 177 750 737 999 663 850 338 337 431 60 717 581 343 302 836 314 987 997 835 983 632 262 877 278 510 344 481 380 884 942 33 600 433 147 190 975 864 914 628 590 875 225 819 205 209 775 31 878 210 294 358 199 954 309 751 709 8 986 18 486 551 263 216 466 561 714 258 205 696 222 118 53 390 379 764 956 302 27 408 111 78 219 413 957 324 872 
799 772 649 652 508 900 188 728 72 793 191 121 741 448 171 233 767 865 637 792 193 219 581 315 285 564 358 387 661 964 380 780 708 15 343 504 410 260 214 919 130 774 843 622 982 841 930 107 890 9 99 378 875 738 955 930 403 959 164 670 85 278 499 127 861 420 478 215 458 831 140 784 919 254 654 380 447 916 128 832 941 544 31 863 35 174 427 51 852 51 190 564 67 356 807 753 998 582 40 739 
740 761 30 82 69 528 790 565 939 218 340 50 12 956 420 255 344 323 948 856 261 469 464 894 481 995 810 365 820 85 332 552 584 271 69 511 311 904 535 34 770 247 29 677 38 50 140 792 477 396 391 856 151 659 353 131 79 721 849 660 522 793 894 318 316 994 309 935 729 207 915 53 24 376 926 208 547 49 460 499 252 67 754 83 827 273 750 231 276 632 454 226 347 53 342 969 593 70 295 160 
4 913 639 738 484 354 748 856 508 455 111 324 212 834 92 317 528 961 310 423 349 56 865 634 383 299 680 217 248 273 673 100 412 963 719 578 663 863 238 313 986 62 979 473 590 289 590 847 262 238 26 674 307 905 506 46 154 833 700 103 262 585 416 883 156 966 1 390 901 711 715 543 421 67 554 45 870 500 112 177 60 865 181 239 706 303 689 863 413 90 417 583 86 426 163 729 534 432 840 193 
978 70 57 453 464 405 86 247 729 30 399 846 219 501 137 195 798 681 156 974 957 267 383 781 118 458 316 215 663 247 228 452 554 669 483 233 730 35 282 4 859 517 454 500 506 124 936 622 861 367 386 747 119 133 250 471 153 129 601 176 536 10 769 61 945 143 942 208 323 853 371 462 653 112 897 666 735 778 857 914 821 727 716 208 715 932 117 380 773 112 295 76 41 744 190 98 194 308 15 693 
768 313 998 999 304 119 987 93 640 151 831 307 324 571 787 408 11 760 626 952 65 224 734 55 679 54 603 971 358 756 245 11 95 140 473 476 316 824 624 434 822 584 157 229 433 519 387 252 151 581 945 221 395 447 609 680 358 645 556 880 892 946 781 655 676 696 626 689 315 425 280 136 479 833 620 426 302 20 94 518 633 78 753 511 824 125 336 293 188 766 902 673 352 615 157 872 481 717 7 777 
187 78 319 799 487 706 863 110 944 785 16 276 789 53 494 436 454 982 460 358 215 726 317 4 781 551 111 821 359 817 72 67 63 160 978 937 981 912 675 358 894 298 466 497 298 945 371 446 910 824 854 711 664 818 858 363 631 299 578 891 829 235 347 330 873 86 673 752 844 138 38 287 892 221 555 658 532 265 484 893 344 881 767 280 617 683 382 210 64 995 708 282 293 174 873 50 936 508 86 386 
388 79 988 126 827 708 787 164 553 168 392 861 525 147 313 125 775 366 839 582 765 895 81 919 407 850 346 996 713 88 496 338 119 815 545 632 137 555 677 715 550 257 93 157 692 231 419 821 733 672 722 479 666 165 549 118 843 79 637 168 265 601 122 610 896 199 456 575 73 658 850 70 954 14 195 541 499 11 267 72 250 838 292 766 3 732 581 562 725 600 472 89 715 732 648 274 915 843 749 319 
237 366 423 285 107 31 442 759 169 752 599 131 828 71 711 216 657 946 673 82 963 67 932 328 824 432 92 52 825 875 272 397 767 805 746 454 627 620 72 550 594 884 880 280 660 909 752 783 418 357 702 464 81 244 533 205 89 950 378 309 201 295 291 898 640 317 346 801 774 107 67 935 233 344 896 405 808 607 819 737 683 216 39 540 146 495 151 307 17 480 19 145 655 734 303 463 647 214 650 153 
451 410 36 336 974 951 828 388 966 536 733 212 106 572 432 940 740 805 878 333 390 521 0 858 232 529 241 777 960 873 378 456 624 458 968 834 639 551 267 687 439 842 491 506 153 961 228 795 471 918 789 487 15 562 275 251 605 707 539 169 958 756 215 236 489 234 32 745 408 806 619 20 635 84 411 486 344 167 974 993 835 190 14 361 11 323 479 513 968 747 903 790 503 497 748 748 23 122 888 553 
614 616 131 26 455 13 94 997 947 100 178 612 409 196 841 122 322 374 861 932 873 605 882 349 768 372 689 589 131 444 892 71 158 487 494 406 182 917 556 463 263 978 752 37 352 507 266 681 260 739 720 884 489 913 830 620 544 586 708 771 689 135 426 359 287 523 649 755 628 817 371 293 202 294 511 92 554 669 386 858 49 460 795 302 626 236 882 754 648 965 880 156 263 870 118 661 642 556 746 982 
82 874 575 848 329 541 622 483 732 995 341 362 751 208 29 252 968 343 370 544 316 316 342 821 20 848 203 978 345 3 83 26 982 16 110 142 335 828 732 20 735 583 688 804 743 588 936 659 90 283 52 74 488 523 604 793 667 551 496 393 916 470 132 216 57 246 845 243 422 756 492 109 892 974 166 407 178 175 965 895 619 625 37 6 361 594 221 175 131 876 472 475 250 916 648 318 271 217 435 179 
481 474 687 698 729 432 38 442 797 715 129 967 196 158 199 158 680 624 583 831 738 242 691 750 908 42 243 438 368 707 532 806 590 799 217 679 669 24 468 274 980 565 840 928 149 899 681 946 487 474 772 509 775 466 862 961 686 208 645 253 799 670 86 836 97 241 140 368 525 494 602 552 276 376 899 909 301 487 585 234 770 346 730 346 679 391 11 491 70 165 0 654 671 622 238 647 629 80 149 68 
341 320 18 704 973 981 912 23 738 402 848 294 406 870 622 639 52 507 307 583 356 721 570 916 780 170 294 269 875 144 689 844 140 410 156 356 838 445 673 903 223 447 818 722 260 862 841 734 634 719 507 495 447 214 22 760 574 178 536 663 778 418 564 327 438 849 192 289 99 870 568 753 33 457 131 175 795 389 445 761 927 773 679 322 383 197 312 349 175 275 935 717 862 375 948 73 440 519 211 961 
627 79 215 961 299 187 887 560 987 59 81 721 151 715 424 891 834 13 548 642 889 137 311 214 557 811 560 851 303 868 655 313 180 897 102 405 280 349 867 87 289 797 341 222 963 29 769 204 305 228 924 798 799 269 494 141 321 468 940 583 951 868 971 557 268 514 414 70 693 265 218 18 101 115 321 941 688 255 524 984 305 995 112 571 122 131 446 612 332 386 13 722 480 162 240 110 166 408 495 634 
317 132 340 400 229 505 941 173 309 827 215 801 835 518 954 993 161 595 398 367 531 146 137 544 158 335 537 390 646 619 992 605 61 880 467 438 280 623 835 992 315 482 615 194 561 643 778 447 71 583 347 797 462 159 638 294 786 814 535 193 651 643 54 775 319 167 210 478 712 514 910 740 128 643 521 753 400 152 475 547 868 505 262 37 555 51 165 194 607 107 289 942 519 473 900 713 860 52 82 566 
741 391 428 276 732 974 64 266 173 127 143 885 205 697 210 86 460 286 110 890 156 473 707 404 15 910 460 159 521 622 814 748 561 542 334 921 433 529 294 343 626 457 576 614 232 594 832 795 596 744 456 387 96 141 362 795 471 495 450 428 333 864 636 739 721 947 366 251 17 500 167 426 139 271 923 486 704 471 758 894 638 937 892 163 165 851 308 839 113 768 879 389 481 174 568 922 321 600 123 209 
30 331 309 724 342 498 23 814 123 615 23 139 229 911 744 644 73 195 759 964 455 304 624 712 647 519 437 372 705 374 833 45 788 630 932 484 162 988 998 265 285 75 509 555 920 24 557 785 233 227 472 179 258 155 176 299 612 541 905 945 422 159 935 719 979 111 422 776 153 456 346 349 483 675 977 909 936 607 160 56 697 669 167 367 301 648 151 736 515 114 856 52 725 708 107 998 417 427 505 682 
710 244 360 708 749 777 744 961 799 77 610 559 862 461 701 851 133 622 500 817 360 656 855 939 876 0 668 782 306 319 388 107 73 380 381 643 378 639 65 114 122 397 718 683 344 362 190 514 710 438 415 762 136 435 314 945 853 869 354 66 545 375 302 942 262 765 941 348 116 499 35 410 440 168 425 107 259 88 248 983 695 281 221 847 248 251 696 963 733 149 911 509 361 589 602 180 670 724 600 306 
433 9 751 752 949 373 372 259 648 538 41 420 7 346 312 620 510 592 354 843 880 907 687 825 907 575 890 804 82 811 351 112 428 163 649 873 491 530 704 236 282 819 815 691 731 490 67 612 501 283 410 119 723 470 286 372 434 491 260 318 590 699 287 265 169 353 359 274 314 540 290 537 269 453 366 141 900 575 532 800 105 883 878 998 66 325 489 520 196 793 879 916 622 851 283 71 1 804 287 634 
813 924 109 123 696 966 372 186 422 20 572 462 952 743 84 652 342 766 562 905 682 169 122 859 413 926 497 745 305 440 248 666 591 74 630 958 807 741 109 819 140 225 609 662 986 365 215 164 208 994 55 316 829 681 257 198 552 803 469 971 512 480 606 445 798 313 543 678 124 106 390 138 458 197 2 356 796 805 470 999 785 159 349 804 255 438 890 816 71 139 466 347 21 775 670 475 205 245 160 485 
162 185 84 289 24 886 34 504 503 174 461 504 249 455 996 763 870 491 364 507 528 747 331 64 996 697 413 552 203 107 72 286 50 534 715 530 589 793 203 238 260 325 712 909 678 461 215 264 838 294 20 268 984 737 518 556 22 175 520 745 940 802 170 73 929 524 99 439 915 910 267 442 191 474 356 170 931 860 79 686 523 50 63 496 266 942 251 383 348 816 272 177 941 239 712 63 402 777 619 84 
614 794 352 253 969 669 939 592 470 182 775 919 380 407 667 956 154 362 107 590 998 89 878 292 353 646 12 982 267 910 195 288 206 235 648 322 516 803 103 929 784 795 40 321 48 946 550 403 668 377 541 427 915 748 773 193 694 787 837 536 741 648 914 611 97 918 351 407 571 531 390 575 65 173 971 746 380 693 577 783 794 778 324 338 547 907 853 972 272 776 693 194 664 137 944 600 590 78 196 476 
700 73 593 704 816 817 523 505 318 693 493 593 70 627 272 923 315 682 459 731 692 465 535 379 734 557 313 173 25 64 768 907 465 740 806 204 142 367 558 332 25 526 55 608 32 692 196 353 507 796 54 252 372 940 823 872 246 141 2 189 861 651 336 334 28 716 137 363 962 575 206 717 275 995 238 354 977 66 416 91 398 546 66 620 719 74 381 910 629 340 115 192 223 426 83 85 735 153 237 63 
937 90 959 727 898 70 847 468 674 990 143 600 258 474 746 185 64 906 380 24 637 558 355 1 689 807 707 826 34 604 420 167 106 31 112 912 570 745 901 96 176 783 743 670 143 882 404 548 184 905 443 969 74 424 382 453 84 948 434 850 816 437 121 39 914 460 835 39 907 640 115 801 890 628 467 680 579 269 400 518 713 691 767 878 718 390 729 881 933 1 470 784 968 55 715 826 331 67 344 269 
321 300 307 467 388 179 641 678 941 6 822 668 130 895 736 730 591 355 21 724 765 88 116 789 670 792 375 58 84 602 778 980 980 485 879 842 244 219 191 427 810 582 619 501 137 61 528 567 509 417 38 21 165 143 820 651 539 177 556 678 542 623 366 922 119 183 346 892 101 826 532 75 216 552 255 216 865 524 425 272 573 44 437 571 143 535 847 254 975 724 970 90 213 967 275 880 347 953 867 169 
446 350 488 925 788 33 536 384 421 303 753 738 759 200 806 596 610 443 33 800 68 455 656 18 841 197 105 492 711 383 901 228 774 231 35 167 747 719 382 497 117 605 856 344 25 433 757 611 609 692 840 714 792 931 71 247 712 556 673 511 3 186 989 730 936 682 482 469 586 822 968 161 329 808 121 307 398 313 117 923 841 285 531 817 808 744 165 539 287 909 131 404 743 175 235 331 553 626 161 225 
394 656 118 654 146 439 764 75 795 400 346 914 363 643 403 311 657 220 861 565 444 720 69 360 236 811 933 487 79 488 172 224 48 40 583 914 153 625 810 553 600 662 924 531 471 928 251 811 398 660 434 530 600 208 599 113 218 558 625 911 432 697 901 548 912 631 992 585 358 719 75 385 485 361 620 28 76 265 53 964 195 1 495 926 656 116 491 186 767 803 205 496 695 242 408 965 859 557 241 370 
44 606 422 24 84 686 292 622 317 165 102 812 157 731 182 666 7 430 986 685 184 819 23 139 966 979 752 794 268 651 305 869 235 930 243 20 137 939 636 412 250 747 525 214 741 177 775 573 140 958 220 338 789 8 373 215 997 46 617 289 368 864 488 110 432 460 12 291 43 760 78 596 116 847 392 642 388 932 493 578 546 964 981 739 529 972 823 832 9 896 136 485 888 547 233 87 903 95 81 172 
760 415 604 265 426 419 937 357 256 953 106 513 938 640 216 25 485 164 553 870 973 291 690 748 848 757 82 104 935 827 283 433 661 163 190 783 258 343 731 678 610 749 757 451 715 371 458 536 987 538 857 907 809 652 891 614 799 483 127 154 808 397 163 805 113 474 779 831 873 207 939 896 951 279 917 829 29 249 880 494 410 34 758 111 33 167 384 977 946 424 57 402 365 643 385 858 339 270 25 890 
495 383 634 494 933 580 750 879 280 553 579 752 427 803 424 32 173 856 688 906 126 272 992 21 144 812 291 999 316 305 994 867 497 374 55 826 322 243 550 337 84 484 896 413 561 64 794 734 741 49 199 881 651 544 909 568 269 31 644 25 195 541 759 364 722 346 315 474 185 546 260 985 789 770 474 666 295 515 389 246 921 330 571 496 282 485 966 6 940 81 795 27 981 563 481 259 768 656 855 24 
9 645 497 722 754 347 876 857 815 6 882 460 47 235 281 996 455 222 288 486 358 410 920 713 226 386 810 157 316 115 577 824 18 170 427 792 582 570 346 617 49 106 114 764 31 92 117 915 754 397 952 553 828 238 712 623 124 839 252 457 484 207 781 517 416 399 554 225 662 283 871 69 617 497 607 901 19 841 628 718 228 407 963 75 270 224 176 422 850 818 146 315 927 539 801 348 354 849 169 319 
416 729 893 355 558 221 352 40 894 927 86 712 308 940 412 675 966 607 894 298 177 66 43 302 510 629 136 598 499 876 152 271 905 243 766 782 122 698 378 899 565 872 888 169 677 8 81 102 47 861 858 696 697 512 548 729 627 636 297 119 401 321 489 837 9 231 20 537 686 955 53 853 27 114 431 982 49 645 684 631 124 765 410 851 567 954 760 951 707 49 547 466 331 146 936 578 122 387 851 26 
66 798 918 200 342 994 293 527 788 294 744 397 460 591 787 967 884 728 894 164 380 937 169 918 635 549 544 734 669 160 192 532 272 904 884 262 520 932 753 972 603 877 96 914 60 801 631 329 278 176 227 583 488 411 90 677 68 412 269 43 519 147 514 183 940 363 264 491 556 419 655 367 257 115 200 779 569 302 172 967 877 289 696 160 263 61 466 364 144 239 933 406 320 809 733 596 602 461 46 705 
635 114 918 267 979 922 958 160 869 319 385 559 298 545 881 214 100 935 473 649 339 343 5 639 216 991 373 547 510 888 301 571 523 425 692 931 791 678 672 977 112 353 234 19 520 647 692 908 893 742 445 718 241 813 315 463 816 647 76 965 483 972 144 86 506 499 909 385 930 678 633 898 378 338 473 823 272 627 74 265 379 375 727 195 310 934 98 115 769 950 947 214 492 511 993 495 431 0 160 39 
