LINHAS = 126
COLUNAS = 126
253 403 770 105 806 545 194 526 671 278 34 467 711 946 521 275 780 312 425 870 460 751 837 429 924 326 963 228 457 958 916 62 713 38 167 519 936 361 398 607 991 784 426 55 82 300 330 214 612 755 84 424 859 922 853 783 248 816 364 58 126 632 120 840 670 288 711 958 649 461 565 993 245 344 48 679 644 378 893 608 485 978 33 344 900 238 128 500 407 492 558 533 124 679 725 146 319 789 457 320 250 22 313 848 718 361 527 714 91 421 675 577 751 708 273 3 298 753 503 705 245 414 591 721 445 316 
220 764 457 677 436 708 51 750 908 122 463 787 836 555 560 511 484 311 571 757 314 870 511 170 927 108 584 870 182 29 539 754 145 996 783 581 704 834 683 964 956 147 752 145 54 312 8 538 624 580 647 290 802 510 460 81 971 44 952 505 425 491 259 922 487 42 504 544 228 539 508 537 686 612 682 92 277 690 630 901 622 630 543 776 140 4 858 463 400 810 968 178 653 227 100 140 621 956 36 850 496 897 739 534 509 773 627 786 815 609 39 438 239 583 214 732 939 424 547 339 586 516 869 239 743 970 
732 717 278 120 919 126 17 658 13 879 431 640 665 598 601 57 36 193 992 603 925 931 379 472 622 966 340 492 205 436 814 289 153 92 410 72 571 427 82 584 306 865 576 324 463 177 733 852 370 725 807 647 8 186 472 630 152 812 474 710 248 288 999 753 733 761 177 304 189 259 240 847 124 816 523 940 993 256 792 716 333 599 363 341 137 835 972 290 648 446 352 248 87 703 2 820 465 531 476 6 791 716 853 267 884 729 207 877 985 351 593 319 302 309 12 440 144 984 82 144 783 434 745 870 489 99 
42 954 630 518 960 421 586 166 689 470 895 248 699 232 600 645 903 902 954 916 694 98 252 776 595 35 562 340 257 52 439 299 358 421 817 319 843 755 485 884 225 380 484 277 964 84 922 868 339 876 784 33 326 36 162 921 424 76 613 681 480 404 981 839 826 150 158 21 906 995 905 483 727 389 760 691 826 682 559 517 910 695 550 237 732 64 510 156 141 476 189 973 880 522 812 58 673 970 79 931 317 984 766 44 726 527 88 904 561 647 421 472 343 323 61 427 388 923 935 881 751 124 854 632 647 667 
690 672 989 122 955 659 458 721 703 184 600 143 440 162 791 861 986 486 185 399 265 925 674 200 806 426 676 12 58 675 31 100 699 373 574 654 32 33 376 87 217 976 231 10 490 374 871 828 212 56 227 477 333 902 29 491 328 57 504 738 733 887 190 432 260 765 87 644 798 815 84 367 143 667 377 634 41 601 462 605 9 42 82 343 944 463 834 624 520 690 714 605 578 256 38 190 373 477 835 523 644 271 243 787 938 972 421 331 573 236 936 583 278 370 278 574 833 112 550 705 803 616 311 733 224 701 
923 598 178 110 473 822 381 716 609 319 689 383 650 614 971 938 549 249 308 827 175 493 940 725 199 95 341 862 180 917 563 103 515 741 566 341 915 947 57 876 619 98 611 621 713 582 560 614 831 220 442 6 66 734 83 617 829 424 479 361 342 42 464 209 135 30 550 50 330 960 926 949 410 538 922 475 120 482 90 304 55 532 662 121 266 746 738 447 522 569 808 216 611 624 426 746 7 328 148 337 640 74 638 51 964 560 526 437 395 616 93 802 148 755 275 766 501 365 213 24 934 373 240 545 998 18 
643 357 347 791 46 339 865 36 390 182 948 917 971 343 533 64 497 34 819 772 800 321 137 366 697 71 739 937 968 89 956 611 798 655 402 844 994 620 880 737 154 829 654 125 524 539 189 374 573 8 146 726 681 636 92 378 59 183 668 380 625 976 991 423 983 746 620 329 366 852 66 520 33 720 645 910 612 186 284 185 546 782 263 580 770 355 958 830 891 978 210 868 954 553 291 937 299 263 619 665 116 685 537 149 758 534 59 370 720 695 907 619 478 171 199 248 878 509 430 769 488 992 637 442 546 281 
732 845 544 703 863 12 388 400 514 498 935 573 220 7 621 128 626 99 651 825 699 529 335 130 651 175 122 640 969 668 273 53 866 170 756 729 182 497 129 696 995 416 622 216 424 243 696 402 694 699 580 393 228 915 875 231 442 998 224 411 18 497 465 884 667 221 965 202 718 447 250 714 863 872 282 639 467 330 394 513 29 974 907 609 241 134 841 683 132 65 94 503 914 559 739 582 781 705 136 851 504 386 565 367 611 199 359 430 529 753 944 910 727 851 520 968 337 361 3 822 778 97 325 692 657 416 
626 790 473 762 641 977 149 559 697 760 758 56 190 640 161 486 550 240 689 70 560 27 783 563 849 913 660 174 606 669 942 584 811 416 347 453 745 848 12 442 608 122 850 150 114 363 989 665 603 678 87 515 705 223 78 554 136 91 80 94 112 23 679 924 791 26 729 536 226 93 331 186 215 181 688 682 545 677 699 500 356 786 16 61 361 446 968 850 889 400 944 2 775 975 278 566 353 7 455 579 100 786 765 667 967 454 349 864 131 48 365 487 187 733 901 548 179 221 750 69 621 695 423 749 670 701 
315 376 708 122 955 160 908 721 827 228 527 177 92 658 577 809 498 764 542 751 665 722 324 415 143 297 462 566 46 485 267 714 861 327 836 168 487 745 241 314 973 768 843 417 779 421 227 629 537 121 380 554 195 56 322 338 353 136 256 400 621 875 114 834 202 950 3 689 47 596 356 372 365 551 790 496 324 369 125 214 490 857 768 686 913 442 376 618 579 633 18 552 508 484 387 63 787 742 104 186 338 460 559 55 12 349 903 688 70 28 902 560 885 671 598 150 465 975 769 44 960 139 597 468 976 336 
883 763 78 988 301 768 800 860 176 164 561 79 853 631 108 755 544 345 778 142 848 244 117 617 288 429 108 237 250 84 573 133 199 651 121 501 772 274 361 948 438 275 379 291 906 487 399 802 185 177 945 33 421 414 2 710 844 110 947 94 195 873 579 394 524 53 247 648 327 609 596 765 236 976 409 494 815 808 297 352 985 594 737 759 8 739 469 204 202 768 650 397 641 230 143 518 635 391 518 962 352 115 79 588 443 488 82 610 648 731 963 986 325 700 745 334 792 566 890 994 334 541 743 328 123 886 
198 758 629 716 720 981 183 151 921 978 992 356 589 640 87 904 626 413 956 371 747 100 937 989 94 624 530 189 304 5 428 854 763 57 570 835 391 106 987 312 84 979 20 25 971 108 929 950 521 238 321 620 338 611 609 785 587 492 974 891 497 402 745 261 812 667 448 203 125 435 867 562 766 888 587 90 996 869 40 869 459 361 489 797 324 450 582 911 942 909 154 792 311 899 405 123 919 853 678 396 289 546 958 407 786 898 497 134 767 537 3 226 251 844 375 927 646 310 839 941 219 993 733 530 245 138 
6 516 991 684 912 632 230 871 392 368 769 889 502 888 779 857 466 382 701 841 309 348 503 500 641 722 494 374 605 91 512 611 607 855 295 871 488 878 742 880 246 863 121 749 103 252 606 569 634 660 763 296 360 266 796 1 989 642 375 946 85 239 557 44 94 852 916 934 730 10 166 977 874 288 78 977 892 36 899 879 696 662 175 56 280 323 57 621 318 784 567 403 23 124 448 470 329 364 404 411 374 571 740 600 211 818 930 103 855 181 982 551 195 509 960 475 833 17 97 151 154 16 906 177 493 354 
647 822 70 404 233 797 975 974 749 538 144 679 993 999 212 976 903 407 837 863 883 22 232 332 173 386 700 432 916 193 138 563 15 209 319 601 358 294 575 107 184 719 139 178 71 351 154 974 759 343 189 994 366 421 326 891 160 26 323 76 220 462 991 587 23 311 188 381 957 115 488 142 835 627 320 906 331 826 232 90 169 773 84 887 546 762 779 706 140 102 134 712 916 478 300 939 141 840 320 98 956 161 592 143 140 264 401 471 442 633 561 964 406 997 851 952 759 630 11 252 85 145 964 353 975 616 
293 116 457 965 567 413 478 511 556 619 776 957 90 570 942 4 534 700 1 386 4 113 368 15 365 805 513 681 159 488 298 804 957 107 121 876 520 952 387 428 571 515 737 13 86 31 17 620 731 371 358 735 484 79 103 201 236 616 882 395 456 180 551 765 287 25 641 159 977 381 939 900 896 28 913 334 59 931 307 142 302 665 878 138 96 333 339 333 949 221 80 757 754 632 523 393 9 516 905 986 897 196 238 146 225 151 480 636 82 787 779 736 453 9 874 901 342 565 234 643 139 315 400 893 299 275 
638 308 792 895 646 41 92 884 187 317 35 668 305 470 455 84 558 260 445 785 162 787 350 748 782 489 63 535 734 714 810 725 22 954 620 20 348 712 904 535 381 292 555 687 114 11 123 24 623 569 809 137 708 512 886 491 353 301 26 88 16 188 813 390 495 785 411 843 498 667 378 231 311 934 270 777 297 394 802 272 963 963 410 23 475 648 514 829 301 540 269 317 81 434 60 576 219 823 419 717 842 149 301 154 435 571 283 732 965 85 357 280 49 767 304 876 767 818 705 68 711 974 738 792 408 798 
368 628 621 139 697 815 288 998 321 724 922 605 808 887 690 165 520 91 284 824 968 51 994 25 120 57 352 858 201 760 8 569 740 629 60 790 796 349 140 118 425 62 723 233 302 765 751 822 857 35 998 177 87 344 202 207 754 554 417 955 667 425 877 759 406 937 901 202 638 394 320 63 456 395 649 110 161 400 284 370 435 634 547 874 979 101 433 85 8 850 40 27 627 917 786 33 207 40 588 845 434 260 261 242 656 262 353 817 662 637 539 449 272 438 676 603 539 109 688 899 312 80 926 939 350 65 
325 557 457 265 754 891 525 15 133 181 629 838 350 291 476 889 93 100 327 769 55 219 230 95 470 542 175 397 834 525 814 511 434 271 776 189 514 653 556 999 835 186 838 537 829 666 427 922 766 106 43 173 677 274 268 148 816 443 897 2 321 711 513 755 334 641 296 200 295 853 199 482 391 37 19 220 703 798 495 821 905 538 994 582 812 262 730 629 58 627 983 379 690 497 134 376 138 431 576 785 636 776 267 27 165 287 599 869 85 94 690 342 633 37 925 445 299 7 426 357 987 410 736 29 259 223 
406 749 6 334 535 642 462 802 669 628 89 268 849 527 715 891 869 348 928 146 145 228 154 924 937 493 686 26 522 297 249 280 46 255 967 581 897 429 736 918 57 177 538 258 704 253 150 574 953 78 720 99 658 226 375 596 71 61 974 594 358 223 226 756 830 193 338 79 975 74 997 384 603 887 643 308 141 793 234 446 223 306 545 234 885 272 182 956 333 156 550 43 731 129 800 561 674 490 640 649 916 989 34 519 228 677 827 721 822 413 168 45 720 65 279 605 338 461 561 23 969 464 67 700 593 219 
261 267 709 253 269 625 242 303 144 471 980 324 544 802 737 712 199 809 778 831 414 116 644 328 139 614 144 558 314 89 777 928 708 838 181 977 463 776 280 960 599 260 636 143 414 373 208 966 535 986 797 301 454 441 629 945 407 773 504 722 214 633 2 923 472 535 900 287 663 181 247 262 793 883 758 560 609 966 526 144 304 323 445 758 116 427 703 524 552 559 598 767 545 600 690 17 487 590 656 151 123 904 765 917 139 523 477 748 841 3 244 145 678 42 255 794 469 311 670 373 222 268 140 767 220 830 
136 708 773 793 859 896 49 624 165 188 500 994 289 693 349 885 191 27 927 446 174 748 109 844 122 332 465 262 451 685 445 588 745 218 733 956 466 782 581 984 322 433 978 963 126 328 201 669 355 128 468 881 229 577 726 351 909 543 965 361 228 410 301 326 980 34 282 799 168 215 783 842 648 761 158 127 441 359 796 149 839 264 30 68 842 108 771 103 651 737 816 232 499 469 558 480 855 840 631 375 56 414 218 704 527 728 183 969 87 980 118 278 596 500 347 790 609 118 246 260 207 414 492 707 884 50 
539 739 891 170 467 299 936 685 3 815 413 539 136 852 519 606 130 467 107 829 258 68 300 504 328 507 918 173 214 154 223 105 246 466 627 713 765 915 750 121 83 515 660 219 367 531 178 849 998 285 679 608 353 979 112 33 838 383 206 405 537 782 510 783 248 490 848 366 405 598 839 488 113 499 60 480 382 238 682 732 875 713 341 228 44 453 613 882 188 820 287 726 602 150 861 202 992 710 568 397 308 407 238 774 258 298 254 640 888 288 373 763 1 66 343 45 871 956 928 60 776 567 138 730 69 351 
933 61 413 853 811 74 613 401 848 871 699 454 864 939 743 589 702 744 655 45 142 526 1 70 938 130 989 76 860 411 428 145 472 841 999 635 915 612 36 115 835 87 570 51 26 313 992 80 409 999 125 551 878 479 973 816 609 315 245 821 726 25 967 550 218 318 186 134 282 574 601 117 662 171 521 688 836 513 769 246 513 246 149 743 725 123 559 686 438 804 860 516 829 827 66 48 497 604 534 779 179 487 248 841 659 121 881 495 635 2 93 500 601 243 243 678 366 154 365 156 311 225 672 492 404 90 
892 253 695 778 384 226 266 632 419 925 754 300 772 741 655 866 593 256 109 836 286 827 342 651 983 653 228 7 146 984 449 38 589 496 817 973 722 435 606 141 712 712 794 484 805 801 350 398 409 811 586 695 638 928 699 973 582 927 332 80 264 134 470 853 630 639 827 705 74 785 198 786 497 344 271 302 145 973 52 906 137 638 602 127 566 301 453 500 580 137 580 196 271 51 402 254 42 229 311 117 366 509 255 215 206 878 869 703 204 921 610 341 559 564 820 125 217 273 978 149 411 558 346 34 961 748 
288 356 329 599 473 695 461 728 262 667 959 131 370 163 52 332 504 611 896 676 88 113 950 418 263 713 329 961 747 290 61 388 998 390 987 471 437 800 552 699 467 863 830 190 26 234 522 882 197 419 558 637 884 508 56 147 221 385 108 321 27 169 709 26 911 48 849 700 849 753 751 668 616 933 858 642 167 733 524 364 152 83 2 36 943 410 536 517 795 996 838 822 518 899 848 781 299 698 482 148 451 233 169 68 167 379 62 686 112 587 51 264 22 405 653 317 167 541 834 962 889 24 784 407 275 985 
189 575 35 23 723 838 608 244 258 775 624 321 462 736 260 865 353 634 622 358 951 789 899 138 103 140 162 239 548 438 224 89 13 611 464 88 450 72 333 60 848 309 733 662 45 345 879 750 979 853 108 283 642 359 421 745 500 935 984 400 373 561 841 738 524 305 179 326 377 864 387 577 173 120 591 570 818 470 673 797 323 133 80 317 493 853 414 345 789 751 97 514 312 938 253 836 243 784 515 972 0 902 550 173 374 493 95 192 964 768 342 639 902 422 957 747 628 723 444 417 474 893 931 138 831 536 
975 426 672 490 398 672 744 300 197 470 794 293 663 110 413 5 749 667 779 58 766 407 782 562 176 256 455 108 395 286 996 722 64 669 564 815 341 660 115 539 130 261 184 145 371 597 502 473 617 634 531 383 393 665 946 570 274 753 30 669 40 26 743 456 47 659 271 741 319 387 280 801 0 816 947 372 765 449 845 382 83 728 118 829 394 416 399 20 169 781 689 561 807 784 18 207 795 289 948 114 28 580 267 29 748 214 753 513 16 950 248 451 678 366 280 424 134 31 444 655 812 485 217 972 621 587 
179 416 228 479 882 609 411 150 990 159 716 743 672 732 693 920 536 723 638 168 500 124 200 296 780 12 134 349 336 755 288 515 524 516 346 758 477 757 908 467 916 977 210 941 61 255 213 597 331 204 766 831 328 318 479 460 682 613 161 19 721 449 886 597 318 233 355 795 342 616 615 611 593 177 552 6 433 117 956 764 321 74 947 2 392 426 814 74 392 976 445 465 425 332 62 95 917 417 243 259 385 858 222 330 35 126 337 468 244 293 584 917 367 883 271 111 662 86 185 406 414 983 871 191 315 933 
287 584 702 530 195 88 388 418 418 423 544 107 244 140 400 180 410 119 416 681 230 430 119 768 836 885 751 707 77 418 992 364 2 46 246 197 134 634 967 905 409 864 364 5 4 117 538 414 236 306 448 819 736 919 939 572 805 690 631 882 460 975 598 814 21 844 363 508 830 331 765 591 195 129 949 551 246 487 318 835 793 766 654 881 37 593 453 842 635 436 76 447 763 26 261 784 222 624 644 404 307 409 996 854 891 297 406 137 784 724 324 929 842 978 810 879 923 615 74 910 403 150 357 166 529 970 
302 751 947 947 508 606 356 504 461 599 153 867 737 937 943 413 218 785 744 380 16 667 995 90 930 750 593 639 916 122 610 218 225 909 165 733 515 874 589 976 473 742 195 562 31 138 976 249 275 720 981 292 739 328 382 669 78 975 661 994 449 271 565 27 180 82 760 695 956 702 24 782 444 219 696 828 710 24 429 985 96 411 629 836 739 12 857 818 339 518 164 141 141 729 168 673 812 280 369 120 982 745 254 779 964 951 607 26 975 36 364 424 799 993 260 539 357 469 709 697 340 873 190 481 955 358 
155 119 990 876 591 973 621 846 104 937 149 63 316 476 451 680 900 251 673 512 142 31 334 851 80 674 76 270 507 383 980 662 502 970 890 94 295 863 292 399 153 793 814 469 621 266 149 874 517 174 386 11 205 720 862 637 394 290 907 902 674 887 916 176 858 159 622 505 22 266 905 527 411 719 996 33 985 497 907 854 672 645 865 229 718 79 867 464 370 774 718 396 14 635 924 224 146 547 729 168 165 634 48 577 706 44 962 43 894 221 250 566 866 467 147 584 899 14 49 621 141 119 17 507 754 941 
731 252 840 460 421 6 447 821 935 505 865 249 548 759 470 150 677 688 618 177 625 869 191 26 490 684 145 507 191 252 800 274 504 641 735 277 999 534 98 286 39 316 535 939 427 357 442 457 397 412 634 374 281 177 752 771 214 250 630 405 502 430 32 358 423 119 988 422 653 86 60 44 754 595 983 534 304 777 991 54 189 625 428 470 154 533 593 368 783 223 126 637 6 158 995 429 277 983 204 282 422 264 326 528 212 661 62 868 439 53 922 628 30 703 451 537 236 44 905 371 620 383 8 626 893 3 
407 522 339 611 804 761 876 482 289 440 144 352 308 935 757 231 915 140 286 366 677 522 763 582 893 735 318 901 713 211 256 120 734 595 732 538 708 960 373 350 400 517 54 708 804 163 291 719 303 577 438 980 451 553 915 696 288 233 949 1 796 206 473 530 153 557 421 214 869 794 564 269 663 970 330 819 133 973 538 437 551 328 769 2 233 684 51 521 269 0 874 66 206 700 948 712 257 369 926 127 515 842 748 530 812 430 349 297 404 240 734 307 568 504 661 802 540 712 675 810 713 902 228 271 954 176 
983 211 898 261 690 765 455 791 296 267 573 997 565 329 237 651 636 158 507 650 312 48 362 339 210 427 241 438 699 547 966 34 111 864 648 801 982 103 944 630 723 870 627 640 199 865 291 836 375 799 838 687 199 200 26 409 628 620 847 679 167 813 713 278 30 713 432 12 817 728 642 540 598 269 180 798 486 823 986 213 974 824 900 173 376 279 582 356 899 429 387 418 595 453 49 625 166 833 989 983 913 631 875 512 252 407 662 91 231 0 304 205 176 557 731 552 836 313 261 87 95 648 505 690 101 906 
667 268 739 8 603 653 991 479 517 243 886 179 686 469 531 343 27 707 900 758 611 736 423 872 823 870 873 680 912 974 939 579 594 30 939 198 35 930 29 552 174 267 83 212 89 614 555 468 321 807 578 285 543 1 157 718 872 30 751 136 357 690 68 303 720 7 501 108 938 882 660 464 502 96 676 591 710 584 59 384 391 637 21 287 990 178 5 214 561 108 351 270 150 771 573 223 778 427 331 716 309 343 180 163 439 209 754 502 793 165 238 536 154 259 823 497 789 181 63 350 289 766 620 792 537 546 
15 316 973 698 384 634 41 565 798 833 126 904 335 271 70 573 807 576 184 631 73 973 812 489 676 453 255 648 245 793 194 612 461 167 310 845 154 704 762 952 537 888 856 224 159 278 149 967 855 333 950 280 658 762 121 334 567 377 983 813 522 529 777 983 49 88 828 203 144 943 155 681 831 363 905 343 642 54 662 849 739 612 481 397 374 603 84 293 980 67 106 502 948 884 837 997 324 17 552 820 960 707 853 144 423 758 487 65 164 501 266 255 113 747 652 839 350 736 132 682 155 591 536 456 827 373 
453 503 743 358 323 703 65 176 847 488 286 686 905 802 187 171 57 652 271 61 491 973 150 976 656 305 567 544 113 746 270 919 249 13 277 572 716 342 100 916 183 386 954 440 188 494 964 597 146 235 658 990 560 808 318 216 466 237 113 931 983 383 850 232 396 127 156 464 822 256 380 357 994 687 797 534 181 113 131 679 700 141 669 261 302 987 829 120 224 942 51 559 325 902 791 73 29 947 538 851 203 270 208 549 957 358 83 490 471 214 170 524 356 191 785 10 531 614 130 107 557 181 667 234 435 458 
308 465 758 846 668 313 468 229 863 426 939 946 916 762 161 438 286 869 630 71 879 161 38 361 268 595 894 935 181 330 746 489 147 504 687 167 169 156 748 32 934 687 979 850 450 492 641 88 713 271 160 944 784 198 305 52 145 551 340 678 881 438 168 380 294 207 548 463 363 296 496 297 984 827 500 786 671 141 874 384 764 386 680 548 936 337 952 81 888 292 112 122 730 280 502 24 487 50 840 203 699 336 500 683 515 352 821 538 845 695 274 609 434 954 157 370 643 110 804 531 754 916 653 837 548 508 
213 35 910 53 590 609 741 91 644 608 795 465 146 641 513 420 250 947 374 760 317 17 222 473 901 976 389 906 165 937 414 379 325 325 432 915 286 526 358 931 134 154 748 281 147 261 701 397 560 76 509 230 445 731 703 698 60 445 605 225 734 371 604 59 696 389 327 335 915 685 266 49 191 366 330 338 980 32 88 540 460 597 122 257 681 178 956 741 623 561 966 357 932 923 769 981 312 96 316 227 133 934 628 325 300 959 15 280 343 103 173 155 53 295 412 734 825 720 475 800 633 793 158 566 716 279 
899 380 375 567 959 860 853 588 537 153 899 553 786 594 8 311 749 61 958 513 795 784 234 622 584 867 416 94 785 484 373 684 865 100 603 824 313 456 764 850 962 663 403 748 257 412 59 358 825 369 872 973 153 458 595 90 325 363 536 463 848 262 147 65 362 103 889 27 559 6 878 521 21 633 621 631 397 32 989 223 402 213 196 907 671 143 997 349 507 534 812 355 796 311 420 510 414 661 538 974 19 768 495 41 401 469 672 799 501 13 374 903 579 570 811 250 65 160 951 572 694 763 927 842 75 699 
353 841 713 243 815 732 11 663 773 412 132 797 563 633 163 937 889 742 859 700 344 925 860 296 497 907 411 777 749 486 828 102 680 541 697 495 274 708 510 399 473 642 549 36 628 712 326 517 806 185 569 150 110 781 446 960 688 858 89 790 696 917 244 376 459 942 224 85 650 734 836 475 729 385 512 709 449 838 578 255 375 499 758 486 280 556 798 321 414 887 111 463 804 355 191 615 649 767 52 652 854 889 127 935 626 991 644 428 829 574 35 557 73 793 43 705 350 193 26 116 80 489 931 236 197 475 
852 198 242 904 850 96 145 978 31 124 321 27 552 503 953 587 60 26 733 455 84 435 648 110 903 728 952 835 316 501 310 168 699 904 425 550 1 922 880 384 46 201 764 598 704 717 538 764 744 271 219 828 58 219 290 961 299 594 148 616 95 458 136 795 363 561 697 716 484 577 452 530 130 216 481 187 934 371 951 678 642 523 858 52 742 500 13 394 95 162 10 542 972 146 337 687 60 386 755 896 315 208 778 446 424 259 633 358 630 936 388 624 811 246 676 906 99 42 300 194 204 310 736 528 808 426 
216 868 812 971 764 128 179 543 926 956 802 559 314 785 847 703 761 659 301 438 917 400 832 217 946 388 879 683 916 687 109 132 556 273 456 320 401 987 215 327 943 370 238 258 155 86 313 916 97 966 706 14 367 890 583 313 278 462 348 195 149 809 679 705 83 135 378 836 475 593 516 418 963 754 28 470 192 693 739 641 660 797 655 27 688 590 692 966 52 41 161 202 850 193 259 285 680 637 122 155 583 638 926 898 744 306 369 289 0 460 930 660 257 938 39 297 528 731 264 581 124 777 783 975 322 394 
260 3 32 734 158 967 372 436 865 469 743 586 758 743 398 688 755 8 978 794 305 507 877 921 440 2 51 575 329 373 969 941 376 1 676 887 320 400 323 186 869 418 124 979 161 523 20 268 531 998 414 836 857 292 110 297 646 161 872 327 886 194 268 263 195 296 502 868 697 177 54 918 596 178 898 109 53 270 730 584 268 144 773 478 436 883 775 434 396 0 761 282 194 30 897 741 678 399 609 375 929 15 646 877 546 896 986 599 166 716 184 786 213 957 264 1 192 392 436 588 744 549 870 938 931 768 
31 610 167 641 337 448 8 983 325 554 231 664 154 749 732 690 536 945 999 152 947 191 896 735 779 640 284 649 578 216 417 962 826 937 955 515 385 963 851 711 870 82 727 24 832 459 66 720 405 65 224 352 256 121 439 35 761 723 36 692 939 454 654 117 743 609 633 480 924 484 543 794 918 270 170 102 730 236 174 135 653 399 839 909 872 278 296 985 1 333 29 293 139 35 762 234 996 747 714 921 583 258 715 502 528 238 604 610 826 779 745 480 530 936 741 402 214 38 739 568 723 769 861 214 804 975 
448 801 723 514 74 306 124 141 808 5 379 765 615 206 896 713 686 778 649 427 532 864 817 271 432 892 40 645 458 197 620 258 350 695 773 424 2 249 565 162 254 945 279 870 151 527 583 189 305 232 968 837 448 138 109 232 382 501 877 841 698 850 99 400 897 224 824 251 474 390 414 80 687 45 950 190 573 885 731 878 470 699 716 270 189 825 503 572 678 732 413 729 934 864 129 832 441 306 83 915 696 849 995 735 895 298 925 468 535 8 698 5 707 414 276 897 591 131 821 622 863 234 351 798 450 480 
630 891 786 713 158 834 915 506 921 810 804 198 630 339 206 328 697 914 95 325 163 38 456 984 660 319 570 11 469 20 844 99 912 982 165 422 169 80 928 90 242 732 289 872 424 495 552 473 761 999 798 276 38 254 612 698 925 534 62 395 907 906 846 171 888 11 593 409 443 522 500 37 606 141 261 30 988 814 503 102 813 653 730 203 907 343 254 185 229 316 580 136 222 426 307 462 790 901 872 233 423 724 271 29 217 532 412 205 698 267 659 864 921 390 67 180 85 321 365 314 989 297 451 211 724 758 
26 514 11 250 99 434 974 370 816 191 255 580 748 305 847 408 169 120 798 589 653 883 262 370 549 252 668 0 815 392 111 193 258 474 443 357 261 417 80 77 960 687 9 709 992 856 469 514 329 267 455 982 502 69 352 51 673 372 404 489 764 867 34 22 341 478 732 954 247 812 31 208 499 392 269 843 601 738 357 930 357 164 264 859 234 968 262 907 341 18 748 457 885 783 832 579 261 564 533 508 728 917 68 227 309 337 422 910 427 780 192 784 944 808 995 530 777 610 438 470 628 186 927 866 321 759 
797 582 675 682 443 403 599 511 982 261 201 405 523 628 537 716 765 833 876 112 364 653 722 154 123 703 340 403 921 662 514 718 596 190 400 39 945 352 551 928 613 752 685 136 732 574 204 497 407 433 610 123 86 684 277 562 387 618 965 308 632 479 378 580 21 131 620 967 483 523 247 96 275 932 584 359 506 141 857 265 574 819 389 12 503 666 926 243 636 891 903 620 723 282 201 96 413 821 63 896 344 310 344 971 594 280 330 100 773 539 366 699 358 107 712 862 773 638 457 410 882 360 30 957 994 231 
53 407 404 469 655 100 131 351 423 726 984 106 178 757 645 896 457 4 3 521 218 777 159 27 539 393 387 569 350 382 153 756 141 909 225 149 10 356 852 785 82 836 891 613 594 537 509 403 893 513 924 463 642 83 490 181 477 229 102 179 963 255 935 105 517 160 606 879 869 458 664 303 295 556 916 241 445 426 644 690 291 568 505 933 3 995 466 832 576 568 12 540 176 299 997 693 460 603 572 681 61 236 984 356 144 901 949 941 679 593 631 322 513 136 607 517 483 73 701 412 641 713 952 817 365 949 
510 177 552 434 858 965 23 842 674 519 95 623 461 126 569 92 448 82 581 55 599 416 480 301 828 122 366 780 291 731 81 154 908 985 588 118 951 963 961 625 483 408 600 944 535 169 388 335 252 969 743 203 386 223 856 214 697 575 347 989 306 428 143 567 766 83 685 717 47 998 694 882 407 294 826 294 464 214 629 68 536 372 271 922 948 128 488 645 703 187 986 361 968 129 280 734 565 318 803 964 316 497 846 75 143 672 369 607 238 351 675 774 723 299 48 23 779 889 669 834 428 655 195 396 137 828 
482 54 146 285 18 814 782 864 890 926 888 611 885 478 962 913 605 38 212 653 61 991 894 82 825 323 90 372 71 579 552 554 633 698 839 3 865 974 219 755 252 107 718 137 937 681 402 542 719 614 548 132 957 794 215 134 117 657 507 541 236 59 95 221 110 286 224 975 612 443 82 864 902 800 354 839 481 108 734 552 75 282 37 32 76 604 167 546 261 26 439 849 437 886 70 899 172 646 874 137 441 308 353 695 109 59 886 942 168 620 847 243 254 884 275 683 488 794 581 101 172 20 950 962 906 372 
861 430 370 88 567 811 396 921 858 857 332 744 152 500 365 999 743 971 235 371 654 75 517 235 176 42 255 478 4 513 850 865 944 572 953 863 735 350 136 593 207 469 337 711 969 54 710 65 26 297 788 32 372 305 268 548 347 875 26 351 741 228 217 685 152 522 548 887 872 685 480 432 154 818 495 475 224 206 540 602 503 328 635 228 986 255 776 333 482 155 37 223 735 606 908 888 128 809 775 353 846 608 137 352 778 632 827 2 190 720 605 46 400 240 274 386 847 402 72 329 557 109 553 645 67 813 
533 195 974 660 900 820 620 37 524 398 22 704 753 212 776 358 610 176 950 884 563 797 639 987 478 548 96 31 193 163 197 78 710 171 91 611 344 711 0 868 110 22 924 863 587 700 573 197 877 875 434 792 24 73 779 502 973 227 886 167 390 83 597 452 254 688 63 598 400 64 819 862 438 743 77 377 444 2 575 673 877 361 465 901 786 244 403 759 471 289 278 213 724 876 665 979 564 81 929 316 497 748 530 935 492 959 313 288 961 240 961 838 953 426 91 739 22 847 850 845 488 129 410 213 5 75 
192 921 508 121 590 5 222 472 293 714 432 606 2 393 198 963 584 151 741 27 242 115 874 92 960 363 221 370 576 578 797 120 500 306 593 442 663 815 914 956 881 346 914 235 92 112 550 28 263 291 55 857 758 930 950 718 645 171 440 573 750 590 45 602 896 638 44 911 806 310 868 687 9 782 275 101 247 825 481 862 469 536 720 227 818 670 946 463 193 738 388 295 328 433 897 576 72 293 488 230 604 708 269 613 842 544 66 89 370 547 952 839 435 24 418 254 694 364 69 887 455 458 183 783 891 432 
360 963 78 200 545 34 908 815 999 102 359 65 192 81 964 496 272 399 520 691 653 566 407 723 453 862 181 988 646 424 773 358 740 851 910 285 885 170 100 884 272 812 301 464 893 617 312 166 16 832 857 22 398 616 97 204 479 630 544 477 54 669 187 794 520 97 80 757 267 532 993 539 344 646 356 590 263 20 108 280 853 317 654 603 933 751 159 412 381 704 889 435 373 76 582 246 525 662 355 792 546 701 684 891 347 392 833 963 412 941 595 617 258 249 221 543 0 732 956 733 436 197 168 162 626 102 
760 151 764 467 296 311 168 332 554 868 76 739 831 840 680 426 458 290 27 31 833 379 763 141 112 552 339 632 66 317 735 178 468 851 645 116 514 166 800 68 34 876 159 217 717 839 995 527 481 22 558 667 401 673 808 865 577 499 497 995 816 232 173 637 436 171 105 950 337 906 371 371 782 530 940 851 722 935 378 203 309 288 870 710 314 31 575 243 530 424 239 699 9 412 336 445 583 441 395 920 699 766 643 834 297 583 685 371 870 416 574 179 56 797 241 722 828 168 966 358 593 205 57 602 617 745 
47 553 539 794 825 238 913 469 72 210 404 758 933 275 526 507 806 582 304 48 657 484 216 623 843 161 828 252 763 797 350 162 350 889 309 528 127 222 349 200 784 753 310 717 380 188 224 187 122 881 587 779 365 803 402 560 965 230 165 80 380 515 595 82 404 904 610 531 126 959 83 910 65 745 979 797 933 555 336 56 436 923 187 154 79 590 66 396 172 231 476 552 746 423 635 502 327 597 386 805 909 469 67 974 567 46 771 852 602 460 260 390 383 448 544 814 38 963 210 562 194 39 467 293 462 454 
795 142 51 181 947 960 3 367 286 570 413 410 422 367 870 35 758 253 483 654 68 873 617 630 435 164 669 254 457 484 708 604 626 112 786 925 424 141 292 711 63 706 121 837 425 991 872 183 596 355 190 16 228 159 647 16 323 668 270 132 152 331 737 130 443 875 56 867 16 348 578 431 406 51 268 832 394 141 367 343 848 909 359 77 69 358 445 392 379 67 877 883 750 614 14 193 489 422 413 857 770 343 288 529 395 556 713 141 49 432 484 898 342 844 327 411 554 772 155 933 191 32 817 942 646 183 
487 487 605 900 696 727 244 336 608 991 893 321 132 294 754 969 192 96 813 519 859 719 643 14 5 187 399 174 481 397 357 968 885 314 221 933 41 817 270 650 808 515 323 292 809 77 261 354 525 426 225 384 498 869 751 503 408 150 677 889 547 386 857 784 700 78 70 93 895 340 743 55 207 67 700 368 496 961 722 374 740 948 758 238 169 861 93 577 363 770 466 263 156 675 399 208 106 469 301 1 809 397 409 368 464 109 737 312 422 459 686 514 759 797 752 928 658 845 857 374 967 323 637 475 351 36 
683 457 506 337 810 667 734 219 36 550 680 773 862 103 584 901 617 344 698 722 624 708 919 482 82 239 805 71 714 508 108 750 965 966 439 128 985 173 347 373 75 380 498 937 835 83 838 804 779 888 878 403 597 798 885 679 389 43 103 455 551 211 205 869 529 996 997 514 169 696 240 244 76 738 534 911 821 724 68 952 613 946 356 210 96 241 241 485 636 344 941 188 907 498 57 436 495 54 303 16 750 543 613 179 281 147 442 455 223 510 407 836 809 115 46 905 709 640 743 345 984 684 885 244 534 294 
680 381 348 335 398 451 878 11 982 512 510 424 319 733 287 78 922 96 194 968 353 255 960 96 952 297 132 838 541 667 132 221 48 833 909 798 636 787 161 618 651 671 42 970 757 681 49 679 777 595 999 131 850 960 579 802 609 712 992 150 379 125 723 779 310 632 578 946 772 739 564 423 763 958 746 520 640 147 551 769 742 902 252 944 214 832 98 823 896 91 973 275 216 697 406 526 329 336 824 453 76 388 229 191 346 975 63 338 474 614 108 216 516 360 512 731 544 610 554 440 701 880 67 269 577 474 
147 258 810 971 64 238 711 293 429 410 620 492 748 94 458 208 662 327 921 174 410 465 784 316 258 838 196 325 107 125 151 607 736 314 930 800 904 642 93 334 52 713 178 800 159 989 361 821 316 282 347 726 99 131 42 357 321 591 35 781 716 186 388 452 852 318 252 757 312 697 443 364 762 973 517 921 962 878 94 630 160 441 356 259 925 751 969 246 342 4 379 58 190 767 863 395 438 115 152 750 813 947 467 927 920 984 849 235 214 943 865 726 737 574 337 662 325 306 260 19 310 640 429 853 407 292 
248 197 760 752 948 925 699 767 852 619 751 701 206 965 997 72 43 734 646 380 396 323 687 656 342 997 296 771 202 56 416 450 253 176 554 553 101 253 320 953 225 423 7 431 740 4 503 783 90 501 164 838 824 851 494 166 200 143 290 755 199 706 557 804 882 112 710 335 717 382 288 942 806 647 726 898 3 581 682 93 83 198 931 259 401 778 426 953 921 68 708 472 774 266 628 8 730 338 343 447 73 983 742 231 631 468 129 634 401 163 80 484 713 11 96 114 141 874 68 62 942 128 886 716 746 867 
724 476 557 67 924 630 402 666 861 33 486 343 20 887 858 100 724 572 463 820 686 957 694 106 371 636 587 258 704 333 125 428 810 34 847 734 665 249 752 878 635 238 221 7 125 80 459 849 652 274 669 690 231 715 149 603 351 736 213 55 421 690 835 231 724 682 317 389 284 69 268 271 659 841 278 785 273 737 986 925 11 8 968 595 723 117 198 427 205 411 482 626 101 318 858 825 352 527 567 988 949 187 259 608 28 889 745 302 978 84 579 990 92 899 585 167 16 135 594 573 546 77 200 999 747 410 
176 451 937 743 440 238 282 51 199 663 941 944 317 919 28 896 261 472 796 198 640 164 333 234 738 231 663 290 582 410 700 759 862 989 854 654 580 137 705 779 152 646 723 469 918 104 717 179 928 865 378 568 30 63 155 120 295 818 410 877 581 462 988 795 803 843 449 383 332 154 162 836 153 238 305 71 342 22 250 622 888 980 191 270 44 698 390 691 868 152 920 449 966 909 244 769 104 693 153 788 200 315 624 353 905 929 424 599 303 26 222 543 7 765 813 403 463 555 446 331 707 366 781 673 627 377 
795 731 423 948 871 623 615 847 328 521 128 752 120 432 130 694 975 489 459 789 244 922 696 690 606 756 57 739 781 684 116 576 768 539 876 991 514 844 839 842 365 967 946 837 399 429 532 727 918 343 868 163 266 564 205 872 320 262 611 102 299 79 30 419 971 907 410 485 751 601 680 468 569 978 657 320 407 189 47 678 885 267 193 151 832 398 375 504 13 338 958 312 417 989 83 388 896 845 226 647 447 258 115 16 588 124 688 996 666 88 26 551 355 219 702 539 969 429 44 982 767 2 646 184 343 81 
925 239 927 503 238 374 113 705 390 701 830 430 49 496 518 427 47 874 998 101 413 968 530 809 302 297 164 301 833 507 382 110 99 309 965 337 683 430 395 425 132 225 856 533 73 374 961 120 600 959 221 366 279 103 175 582 752 691 235 585 551 617 48 2 927 365 691 610 796 86 36 280 663 244 813 736 618 126 208 219 438 781 937 69 884 464 3 636 156 238 574 59 856 622 61 783 339 104 745 135 191 133 415 206 377 581 943 348 59 151 919 849 933 856 919 169 320 922 806 828 513 732 239 369 706 652 
504 45 757 249 181 300 735 948 506 112 881 801 460 941 953 731 142 238 587 61 407 260 336 565 88 849 297 680 570 3 332 74 401 89 675 582 389 410 882 248 523 764 49 335 57 354 67 199 592 6 261 352 618 949 917 59 150 567 739 720 922 71 794 323 513 469 257 902 880 492 502 755 256 552 442 313 906 861 512 851 220 125 203 838 426 472 897 576 39 636 296 314 708 442 637 221 912 247 475 144 739 330 251 347 882 693 660 140 907 524 991 127 2 546 965 428 19 863 357 58 499 653 724 559 96 714 
132 360 961 960 856 52 290 459 399 524 152 411 664 59 287 8 538 289 554 504 70 573 367 779 984 218 432 708 130 880 774 614 592 735 926 800 139 568 259 538 92 764 949 109 823 589 469 714 230 23 218 652 949 937 431 285 507 216 345 637 448 120 604 41 207 530 193 347 99 453 885 543 217 187 4 392 776 473 106 358 849 324 11 798 261 442 435 769 10 780 758 459 252 714 852 460 597 45 807 48 498 44 591 715 583 948 108 711 421 214 70 270 891 81 420 504 875 207 625 886 988 736 697 240 450 549 
700 47 594 859 95 445 904 39 160 839 987 620 551 760 187 621 383 78 54 155 934 281 363 560 167 351 296 864 943 98 765 996 146 712 207 593 157 463 984 317 303 971 290 854 84 829 827 467 259 881 622 193 162 337 753 682 40 401 898 984 500 664 332 998 376 539 591 885 3 928 554 306 251 844 512 335 673 339 154 932 220 129 478 734 466 583 768 507 985 667 843 485 683 175 835 411 714 778 296 69 706 202 375 958 47 887 645 72 578 800 357 150 281 835 885 747 418 5 606 403 672 449 240 707 976 427 
470 43 206 118 112 264 321 840 222 720 79 220 792 658 20 501 808 301 336 45 400 107 51 7 862 75 808 455 135 785 882 605 828 88 724 940 705 397 780 927 117 860 147 261 870 519 763 678 172 99 724 925 206 775 932 421 202 92 876 337 877 758 943 705 199 19 998 904 416 130 183 533 342 683 794 212 554 909 891 79 9 615 4 567 742 288 988 944 380 216 282 258 975 577 315 526 596 665 430 364 796 965 249 138 648 395 351 555 305 594 634 666 561 638 585 303 926 926 599 658 142 233 268 469 162 584 
995 758 249 777 474 397 95 723 536 743 119 239 650 776 833 284 442 394 922 27 697 200 953 648 859 96 234 127 917 396 63 913 507 665 42 981 62 137 57 598 233 176 837 883 952 670 168 746 64 442 773 113 643 79 114 854 527 348 981 444 96 397 709 603 62 752 937 124 889 994 723 122 522 912 358 826 935 526 572 351 968 345 817 963 776 931 817 303 631 151 748 79 548 457 35 962 561 972 86 803 318 161 277 192 426 635 18 361 161 590 712 482 287 529 797 64 812 967 719 795 118 819 227 18 277 262 
980 190 586 418 993 904 580 271 96 6 906 466 719 420 408 431 254 47 313 51 111 477 18 183 625 488 2 852 858 631 114 190 822 700 609 815 956 189 86 404 547 345 222 266 765 630 49 371 677 714 774 141 192 145 324 169 633 678 21 844 310 487 34 132 539 995 299 847 184 738 251 83 83 473 701 200 455 751 571 132 465 345 273 9 490 949 178 476 628 551 672 938 38 706 422 577 702 721 424 238 459 27 674 894 852 375 446 307 478 17 792 944 715 65 305 557 15 836 385 995 387 57 933 778 116 707 
355 170 428 132 408 240 511 434 486 716 810 933 23 288 302 815 584 369 233 242 279 600 78 664 595 465 74 880 243 190 587 951 360 367 435 120 959 298 555 446 14 717 731 390 357 33 557 294 755 790 536 34 742 614 698 689 431 772 569 27 314 508 330 26 876 765 499 835 415 54 633 430 123 364 820 832 398 377 126 153 520 662 187 262 628 237 952 412 362 873 439 28 382 121 55 610 238 554 445 653 960 79 83 435 443 903 267 193 633 394 698 153 408 237 767 37 475 71 449 189 945 240 217 679 361 624 
289 599 530 734 252 490 165 688 925 961 943 545 506 576 939 205 81 347 442 849 384 269 920 185 810 217 777 28 896 138 4 185 89 535 272 694 377 789 382 655 750 325 200 257 254 139 814 687 838 608 536 223 878 809 760 40 26 538 68 923 28 425 460 118 960 732 812 337 522 546 992 624 223 192 233 829 683 399 517 522 8 405 97 238 214 857 278 593 747 699 868 776 124 328 246 84 413 410 773 287 308 118 911 531 662 497 361 346 896 230 868 256 635 317 494 850 174 773 443 274 824 311 402 948 991 648 
384 404 410 509 691 718 627 955 601 290 452 962 636 700 544 856 957 180 173 451 382 699 576 177 973 400 840 727 348 831 375 84 236 785 594 279 855 221 234 457 863 686 771 499 387 316 707 344 496 880 147 230 932 724 407 257 124 247 985 825 78 712 909 666 850 503 946 705 77 180 162 940 219 286 792 606 602 499 302 450 732 449 680 664 525 87 273 650 334 258 475 764 971 736 431 821 240 729 526 669 909 41 609 480 327 401 86 281 253 740 731 985 542 763 1 67 202 274 717 888 885 544 652 856 281 435 
29 873 164 907 542 426 948 503 906 627 905 345 260 158 437 991 495 979 106 848 47 308 474 116 196 359 13 201 567 646 636 596 871 153 504 765 579 804 268 837 784 173 182 44 683 972 388 178 951 494 378 350 155 853 819 351 212 184 552 780 830 541 728 701 694 232 466 273 389 86 462 525 260 997 569 295 969 309 826 920 156 204 623 311 57 794 14 270 978 567 402 808 108 130 861 154 363 679 779 104 765 241 629 377 238 550 673 207 860 499 480 368 55 103 679 113 897 693 383 227 612 785 35 72 267 248 
226 630 279 5 86 396 599 67 774 837 618 799 397 830 650 877 198 705 332 229 818 581 274 553 808 887 690 195 311 958 795 890 940 74 895 379 822 846 446 948 684 416 747 81 246 749 958 796 807 642 377 977 223 652 531 383 891 573 930 554 531 725 444 824 151 692 203 973 538 649 922 222 66 21 655 664 123 965 813 930 607 190 907 182 842 790 917 85 364 847 640 247 924 84 71 75 128 274 401 667 276 675 241 694 696 897 358 171 862 171 101 822 714 9 4 908 151 922 994 515 121 986 763 46 422 186 
121 551 461 874 218 89 549 459 783 598 356 493 769 571 665 871 393 379 232 749 287 383 23 633 251 145 619 14 543 42 200 16 593 13 891 163 454 440 974 237 38 683 731 808 254 748 31 999 479 615 748 118 350 772 752 601 269 723 967 812 765 168 828 710 533 719 225 988 512 200 577 902 883 660 710 489 408 93 488 887 708 588 6 59 360 110 12 981 833 980 793 951 500 974 13 385 693 239 373 557 791 303 460 26 963 522 867 372 616 355 611 676 295 969 87 656 431 100 637 265 432 783 568 932 757 581 
317 802 172 43 360 315 346 172 341 309 694 208 33 662 915 997 339 211 318 778 219 750 878 208 15 310 343 935 594 100 516 912 903 41 955 615 356 653 787 50 314 481 610 700 144 526 697 835 89 15 613 660 117 844 220 484 154 564 419 749 664 288 13 919 329 320 886 37 973 673 87 287 507 698 987 3 576 36 190 17 404 803 29 521 647 249 358 154 813 777 255 830 65 620 101 746 940 988 136 913 13 223 552 520 273 540 875 849 928 65 218 332 869 247 206 868 497 564 374 662 693 981 844 759 601 946 
857 893 286 993 806 299 569 359 820 842 251 47 44 179 113 262 864 334 510 70 554 359 986 281 21 679 262 866 790 216 164 0 109 450 993 268 749 914 979 921 757 230 969 801 761 434 415 977 768 277 399 674 636 385 955 10 417 570 876 207 138 392 207 247 842 553 867 943 467 846 217 576 428 538 729 542 972 497 519 92 774 919 766 411 656 74 421 73 644 649 281 782 41 840 381 235 745 249 530 565 447 747 141 228 285 223 770 609 720 641 701 494 560 820 905 569 894 326 642 538 327 275 672 368 116 53 
955 861 654 486 426 102 585 920 682 223 143 804 832 863 445 886 709 358 58 615 927 952 293 569 842 621 845 514 341 313 919 649 526 574 487 953 28 72 225 710 647 368 866 832 583 311 70 292 669 128 259 948 432 905 870 626 878 67 140 571 380 411 220 906 985 707 211 365 132 436 75 779 156 941 963 91 605 33 736 626 513 347 927 945 252 797 571 482 864 63 54 596 475 274 502 812 334 66 178 818 854 605 949 363 899 913 454 856 298 542 482 812 890 409 757 142 206 681 625 422 96 31 18 923 657 873 
736 343 939 266 161 145 871 463 508 122 376 963 978 26 505 813 838 395 222 948 890 781 629 867 555 77 250 574 1 907 447 89 251 738 355 412 883 578 875 392 701 603 707 31 630 212 844 820 960 419 768 202 200 749 421 755 827 671 681 828 578 480 917 829 218 624 594 454 202 821 198 255 777 905 287 407 469 483 579 781 902 348 983 454 97 404 562 924 427 243 104 6 76 373 187 294 997 133 100 200 307 298 455 84 203 94 843 25 930 422 806 832 770 790 639 220 546 201 496 974 796 601 332 872 974 871 
519 324 5 971 524 312 270 331 396 825 778 591 850 708 13 657 892 136 799 531 356 345 84 852 671 233 805 3 457 132 227 328 456 232 300 980 896 922 663 644 747 793 235 950 501 600 959 394 736 758 277 444 455 714 649 479 947 454 834 756 586 61 85 394 293 385 726 189 307 390 185 406 183 420 356 37 21 667 783 109 425 412 554 233 126 203 712 425 9 546 182 948 608 267 342 253 4 69 795 311 811 980 69 346 753 426 383 126 445 166 235 871 579 141 456 57 696 168 483 706 66 665 6 26 284 348 
280 288 417 427 599 580 407 20 927 512 798 310 638 244 829 226 115 760 367 923 817 416 91 652 474 157 317 480 536 953 828 816 241 598 595 192 178 354 213 105 867 11 768 857 255 597 83 722 709 803 645 526 219 88 531 693 598 848 173 134 154 353 302 395 951 897 588 482 251 153 939 118 164 707 976 772 656 411 846 365 566 492 244 785 932 775 830 530 975 355 16 129 709 318 877 12 215 465 494 467 970 434 937 134 493 265 258 502 677 105 867 595 949 463 381 881 590 563 412 918 271 428 399 332 99 276 
344 314 93 191 133 63 977 423 550 822 688 808 324 717 913 192 313 862 7 46 744 598 961 508 516 232 288 915 564 387 544 261 54 637 804 187 701 133 610 603 955 651 411 280 720 325 824 33 539 831 431 635 781 393 143 297 977 784 565 894 171 461 507 225 98 311 765 151 444 727 754 399 730 518 31 451 195 855 484 734 687 268 370 468 13 865 118 990 649 35 236 173 496 743 750 946 406 867 98 850 595 204 602 677 722 633 128 917 841 965 4 528 233 726 348 246 943 466 236 945 853 825 118 349 568 220 
648 975 88 98 177 35 302 131 712 377 117 841 646 958 158 650 486 391 728 834 637 672 653 225 617 858 50 735 208 971 307 208 946 395 306 475 782 608 607 847 337 724 40 984 682 198 634 520 589 363 706 578 35 359 155 4 218 558 91 778 529 398 986 827 146 644 302 928 252 909 127 590 985 167 926 667 365 560 187 306 275 894 884 662 605 392 666 175 950 757 305 831 508 643 10 654 287 312 934 892 574 62 834 559 229 760 579 947 672 118 253 948 364 490 962 970 882 629 497 184 738 803 15 246 446 25 
252 734 689 187 978 263 601 812 175 182 572 754 129 244 872 735 544 589 225 507 911 107 488 408 643 226 211 658 825 10 35 77 96 724 616 74 340 217 886 515 752 458 621 233 54 845 968 599 434 193 106 345 652 594 106 295 172 317 305 997 679 692 427 775 769 43 849 109 613 735 976 365 545 949 598 600 794 919 199 581 464 657 278 117 603 384 764 127 54 422 125 733 466 552 509 235 595 358 344 560 94 672 925 991 621 876 591 768 795 142 701 259 151 979 728 754 716 845 882 770 619 359 855 85 263 364 
321 210 75 17 771 521 42 48 512 15 924 104 783 719 246 836 331 750 168 411 504 884 256 738 6 227 449 861 313 712 226 986 275 301 3 46 822 45 94 334 413 371 790 196 442 389 385 773 139 553 537 995 437 793 86 795 21 535 656 686 600 882 672 227 535 27 273 709 425 719 396 838 442 186 34 885 575 771 10 714 324 547 710 113 693 148 908 66 683 565 752 635 799 776 862 687 803 487 396 228 559 792 66 1 331 453 886 906 224 897 973 901 796 35 14 489 183 275 555 218 840 659 206 991 435 68 
678 239 908 427 819 467 571 886 468 902 339 707 161 915 604 134 816 400 521 183 242 56 458 149 274 650 809 480 641 596 901 672 187 161 451 7 628 22 893 448 277 584 155 438 851 759 924 20 512 445 203 106 501 661 255 127 663 64 960 304 13 213 328 200 374 131 207 2 154 452 802 431 388 958 221 240 69 145 260 933 942 815 39 795 828 295 922 491 711 234 147 724 447 476 925 821 607 484 175 113 937 978 896 677 936 469 917 5 614 529 939 908 696 330 55 524 977 978 15 41 212 163 765 12 991 42 
833 950 879 9 64 168 339 312 845 275 782 115 632 748 996 923 657 693 254 712 217 231 42 233 624 607 748 390 619 739 784 804 689 15 813 105 183 152 418 29 779 552 144 412 300 140 687 309 185 293 374 403 877 768 988 501 375 736 243 346 827 28 151 868 395 316 326 579 821 96 608 952 648 104 716 948 596 404 610 782 697 336 185 574 104 525 76 832 613 319 178 792 699 681 660 95 350 986 674 171 82 634 123 82 738 840 383 686 596 993 468 293 329 5 220 785 530 296 617 495 967 148 287 667 181 300 
114 531 286 788 702 721 774 178 803 864 370 538 550 966 883 371 611 212 376 831 350 259 479 967 754 447 467 394 466 649 694 580 180 332 720 235 53 846 765 209 710 135 99 612 453 983 983 64 195 712 248 897 971 727 217 77 526 684 823 992 685 517 924 218 850 996 453 255 842 218 816 552 705 916 165 158 899 500 574 446 212 822 344 535 902 561 965 428 597 788 773 283 306 697 501 156 694 306 763 536 876 580 441 581 496 958 91 395 458 17 193 23 840 537 558 94 450 523 522 48 312 295 683 970 345 536 
126 39 842 241 927 70 821 368 651 669 678 94 416 137 111 610 512 303 147 422 397 950 946 272 350 610 919 33 580 264 569 58 303 763 299 583 833 473 303 836 142 982 282 559 471 745 521 983 49 668 405 798 970 703 422 320 665 342 353 245 606 274 655 262 37 307 845 222 780 148 58 274 482 340 185 953 86 706 288 487 727 46 637 697 749 60 18 415 402 371 12 8 998 668 622 387 975 467 610 107 968 668 381 802 361 919 756 799 625 396 638 352 442 275 50 192 335 420 959 737 143 971 98 141 991 720 
529 318 540 139 425 860 159 159 662 872 78 770 671 55 167 309 408 961 937 810 153 272 230 464 362 373 436 460 515 779 532 396 98 424 535 875 284 46 34 299 919 464 421 942 872 940 252 280 902 189 442 55 813 672 872 175 397 308 987 264 439 520 660 537 944 547 413 581 594 799 880 513 616 653 455 488 594 59 120 496 600 562 903 414 586 775 941 335 435 929 600 875 801 260 412 745 160 177 678 754 329 910 619 945 564 426 433 158 838 905 6 438 467 909 204 405 685 498 740 472 779 340 347 580 953 112 
677 113 289 356 219 618 266 190 915 182 616 700 340 806 605 698 597 424 608 153 829 645 651 570 117 430 262 465 10 567 929 40 32 218 396 603 189 14 793 456 197 762 157 889 568 114 588 165 539 548 319 720 193 322 642 662 753 905 479 115 824 408 155 857 979 551 460 520 918 606 976 115 368 485 356 288 600 944 454 491 844 125 211 389 447 206 52 552 463 531 668 287 292 175 496 623 79 957 143 997 563 471 464 283 957 820 571 909 117 377 752 961 854 315 351 654 521 755 206 984 638 226 624 930 754 120 
553 833 429 48 182 992 520 646 627 829 818 199 90 935 928 842 249 783 509 952 437 31 707 995 367 697 222 991 980 976 464 885 161 893 934 343 238 806 989 865 987 807 416 77 95 345 271 344 128 780 648 917 163 707 912 883 404 134 226 736 462 690 622 623 584 556 966 822 714 307 39 701 467 456 130 562 801 753 258 281 533 906 198 49 965 110 932 369 597 510 106 59 201 80 35 137 988 353 311 702 13 350 755 480 806 885 42 959 638 300 240 523 558 438 924 523 901 208 244 498 719 702 909 920 782 296 
409 770 650 720 824 663 70 579 495 229 816 537 188 806 189 429 682 99 219 606 622 120 815 218 970 886 921 880 158 703 528 567 826 530 287 650 545 357 230 40 586 46 577 127 853 118 556 535 217 127 493 191 600 660 410 570 546 331 802 704 34 331 623 860 861 910 863 407 620 93 799 206 491 729 333 696 847 241 583 417 721 77 608 321 89 18 891 636 349 46 692 736 377 668 948 590 578 811 349 198 256 149 757 748 878 442 444 77 36 28 494 757 105 103 78 546 473 321 182 823 367 227 911 96 895 211 
687 825 23 388 376 631 889 133 379 767 927 824 197 963 204 691 720 661 146 150 207 620 472 742 795 839 321 58 936 216 269 975 393 644 715 769 276 605 902 655 724 182 831 921 145 387 965 218 48 111 368 256 83 192 998 878 32 671 936 320 887 558 647 632 202 362 402 478 967 656 486 692 838 669 965 336 57 930 554 457 394 274 713 477 467 63 708 851 734 996 523 973 554 170 606 109 884 360 939 852 16 425 896 207 447 861 543 856 792 97 313 538 371 379 15 838 794 75 41 881 424 564 206 978 734 812 
87 619 524 27 823 541 804 719 748 603 932 291 811 76 740 125 614 463 856 982 654 650 409 695 883 833 260 90 812 346 902 251 317 779 630 140 320 787 211 420 742 144 63 554 572 155 31 187 618 887 521 272 889 930 968 773 764 580 863 928 926 117 179 244 896 162 736 568 301 948 340 43 444 755 597 16 910 980 555 529 867 76 153 109 7 121 234 123 53 97 51 980 566 582 576 815 744 312 383 45 612 76 441 408 831 390 425 94 371 980 623 590 409 776 699 768 250 933 891 303 382 942 635 301 524 563 
116 621 876 851 18 840 927 459 249 111 850 26 205 221 6 180 811 767 308 863 535 910 148 426 566 883 368 201 184 245 765 300 218 993 151 236 185 431 696 434 542 898 812 99 119 819 279 282 938 939 497 474 850 646 900 416 529 621 969 713 218 86 365 436 431 516 672 617 947 720 403 841 618 216 940 89 387 571 724 325 511 221 799 361 867 52 129 748 673 98 813 891 537 178 327 968 47 351 585 994 72 341 188 42 557 128 132 296 700 208 621 563 429 773 276 649 825 405 749 850 855 563 741 392 741 420 
713 788 123 650 135 547 991 675 590 900 803 74 196 855 282 170 770 711 943 46 712 120 803 462 970 659 25 63 403 118 483 116 259 958 119 746 506 110 421 448 363 576 522 911 784 156 81 554 219 376 601 932 496 404 394 466 415 771 529 171 889 364 287 500 675 406 246 181 869 19 629 232 596 503 143 380 659 577 934 878 953 887 810 802 644 556 268 59 327 150 230 569 866 870 421 541 628 20 74 849 39 703 433 987 558 577 367 217 506 654 96 811 893 258 613 537 167 234 949 846 736 531 767 602 401 189 
496 382 209 570 231 600 626 665 588 184 594 307 754 452 961 202 263 207 812 877 744 979 111 45 826 847 577 593 801 330 134 649 712 343 572 296 944 198 313 884 734 259 191 840 711 505 42 974 712 855 851 808 186 314 854 12 513 783 958 315 113 92 316 178 788 888 826 84 438 139 968 525 398 159 365 461 664 408 435 728 615 639 537 801 953 391 166 467 174 476 134 639 920 450 817 60 691 995 144 129 134 464 654 884 624 20 345 640 780 133 369 747 772 906 548 725 649 66 544 175 894 30 814 815 833 984 
875 524 979 372 5 466 836 660 702 460 32 48 453 164 533 174 911 305 80 811 382 81 878 927 256 772 309 422 939 142 758 815 18 738 539 24 556 375 36 258 188 420 658 641 584 191 815 495 496 247 658 879 328 888 158 936 13 819 358 952 962 117 119 332 207 658 356 763 34 744 373 222 164 384 215 100 575 30 947 424 277 606 655 957 494 165 893 507 984 603 460 298 720 931 631 279 590 339 394 976 84 768 198 600 152 413 701 79 795 648 503 424 254 510 381 749 675 274 608 660 877 68 958 950 352 589 
229 942 281 624 270 365 744 468 965 248 233 666 327 380 667 183 804 921 693 185 22 369 811 631 381 40 51 339 342 403 281 572 697 914 548 967 279 644 787 596 892 20 615 219 400 282 402 556 555 448 741 578 817 904 209 550 945 260 241 287 16 522 211 713 788 111 681 67 755 468 16 999 841 631 571 593 913 325 150 468 773 243 398 942 148 607 492 445 220 734 732 236 608 296 949 397 407 982 816 515 451 832 514 292 463 437 237 728 763 387 549 536 631 947 479 131 907 323 576 479 57 308 715 666 956 16 
63 364 351 879 231 802 64 97 446 527 535 683 608 298 423 509 186 406 456 665 537 715 989 113 194 398 773 261 64 730 630 479 446 981 711 677 135 775 774 581 654 661 616 614 959 39 123 146 445 580 163 334 647 504 447 842 903 573 455 319 303 85 799 749 66 862 778 201 637 904 134 643 566 103 258 877 142 381 23 940 313 539 626 961 43 74 155 298 647 610 618 302 696 417 403 114 631 181 668 268 437 802 263 355 905 521 233 400 255 608 692 920 147 318 881 543 744 388 841 743 999 459 45 47 228 800 
161 859 333 829 479 771 984 743 126 889 616 359 641 223 320 685 144 467 4 377 10 100 766 852 844 117 663 241 164 892 42 325 751 375 507 231 498 491 326 625 732 942 336 374 166 656 411 662 476 415 39 838 868 157 690 712 274 706 305 438 598 699 116 701 75 623 932 925 466 610 550 198 553 239 924 71 247 336 733 723 103 124 914 971 282 956 35 556 662 341 347 260 392 463 962 819 438 246 745 904 857 647 102 762 886 27 833 486 715 918 561 818 394 475 790 676 432 177 585 94 870 932 707 263 395 21 
82 185 267 827 89 476 475 191 238 713 570 423 199 637 693 761 456 88 236 598 764 20 775 349 115 646 633 822 909 380 843 343 565 462 171 654 291 998 198 529 711 120 305 911 758 998 24 566 86 612 164 203 633 291 904 748 937 538 922 198 918 117 542 836 931 65 490 222 63 40 104 774 161 409 37 271 407 61 837 846 26 353 49 659 644 305 759 934 843 33 132 114 502 26 950 433 91 792 8 506 833 112 281 346 521 670 969 280 84 158 478 110 511 527 769 155 833 880 89 28 913 574 142 415 952 444 
848 44 237 208 550 422 320 183 768 193 854 89 474 290 247 304 400 758 832 521 265 17 401 707 397 314 633 892 729 585 336 929 629 573 138 532 347 810 67 467 4 273 556 830 563 803 134 315 913 318 836 179 687 237 238 437 903 871 329 984 456 665 266 438 591 756 970 938 566 389 406 922 663 314 104 578 118 239 894 31 909 730 562 949 320 800 386 575 23 715 560 480 732 178 918 323 934 240 614 852 981 372 775 644 686 879 223 156 470 469 540 380 551 102 329 871 255 715 799 278 782 359 110 514 537 28 
190 823 620 804 675 602 528 802 598 214 682 173 371 504 642 911 236 194 365 917 417 972 632 216 251 766 927 361 281 816 742 471 639 714 627 667 316 155 469 915 369 503 88 92 8 83 355 244 277 73 162 46 45 146 263 648 265 542 10 546 359 104 369 350 818 996 17 487 151 487 402 872 342 842 317 350 277 672 947 906 97 461 953 143 607 568 791 872 110 153 770 469 609 139 820 428 487 189 915 990 676 669 863 19 863 180 721 141 204 668 47 302 481 352 797 89 920 940 313 383 94 436 852 703 927 24 
483 415 566 750 405 594 771 620 965 987 152 687 480 357 707 879 11 189 232 160 630 504 100 295 887 194 731 92 250 659 116 85 426 34 188 831 629 959 452 594 946 604 633 778 313 341 658 676 882 890 836 512 394 937 159 634 483 891 726 733 902 194 171 328 229 359 511 858 318 315 452 617 920 86 395 585 779 53 262 661 295 98 525 42 387 684 676 871 927 402 956 181 948 127 861 177 486 373 35 157 688 840 126 960 278 521 898 409 927 160 70 574 610 947 968 998 983 996 221 263 750 177 444 699 305 658 
876 143 31 264 300 71 456 426 384 86 300 282 495 579 794 917 505 756 864 474 106 199 470 327 462 221 505 907 920 162 565 148 305 948 412 606 371 220 384 755 306 36 389 801 615 535 718 121 292 934 947 398 134 417 726 596 990 231 855 910 745 772 59 50 720 823 8 444 396 745 551 702 781 293 504 749 828 574 870 120 509 817 519 995 586 245 591 577 828 799 839 573 571 250 975 644 74 336 88 822 81 991 524 862 284 380 611 113 307 833 233 816 2 752 163 941 349 754 518 529 553 709 102 477 960 430 
121 386 766 561 208 847 552 732 61 837 465 25 302 772 210 535 940 213 640 103 506 989 209 24 519 115 733 973 592 693 755 65 431 521 626 639 720 530 724 134 719 189 159 21 961 369 557 901 934 549 356 440 538 565 816 409 680 902 735 272 947 490 689 379 364 315 18 436 846 94 570 565 283 81 587 596 451 496 849 737 45 205 530 935 771 346 697 803 600 784 428 548 274 117 927 990 433 297 427 631 392 997 548 27 79 487 624 882 983 473 971 380 31 501 668 802 200 717 957 800 501 385 700 775 503 979 
118 288 277 545 271 21 542 819 400 973 307 376 855 290 850 827 23 233 680 43 35 880 760 992 681 261 730 733 388 585 713 506 873 342 51 144 715 946 963 115 919 622 492 775 913 694 954 288 927 634 331 314 515 91 658 548 352 388 281 740 973 994 599 198 336 650 694 51 596 10 519 516 632 363 643 897 57 597 185 336 231 868 2 98 959 660 646 663 401 280 756 726 626 355 277 315 357 971 366 306 981 237 822 614 600 817 863 9 414 49 345 997 917 347 448 229 360 94 244 761 726 352 839 353 707 116 
668 417 88 386 723 421 624 897 387 576 714 251 586 480 300 931 829 569 631 277 150 343 724 747 456 450 99 295 155 159 764 823 576 204 562 651 625 538 548 13 114 614 264 700 94 916 984 923 837 967 553 340 310 277 87 766 727 538 413 235 697 177 410 625 381 972 276 7 510 176 372 625 790 988 325 236 256 661 512 445 628 65 785 938 342 224 56 421 763 470 656 812 647 67 438 29 391 66 388 902 243 112 879 33 452 556 270 708 218 782 153 846 199 291 137 541 867 193 314 982 663 323 795 663 742 585 
44 133 651 784 387 894 896 266 280 700 823 902 408 393 36 913 591 235 556 728 128 424 274 442 406 289 117 553 952 859 138 348 993 790 132 732 36 380 999 316 80 822 218 840 215 606 754 806 841 662 887 969 86 161 764 845 802 881 398 107 93 889 455 438 31 940 170 67 672 169 736 105 343 306 945 910 913 51 69 754 714 308 76 152 821 192 349 623 73 100 730 166 989 538 956 20 478 127 439 150 648 175 255 992 834 553 254 747 604 323 853 670 631 281 175 452 473 524 428 899 624 158 417 613 48 374 
985 526 501 425 29 501 952 636 493 786 189 100 885 146 423 91 168 407 724 343 211 198 868 639 97 492 150 866 458 198 240 443 77 93 220 458 595 525 94 440 663 636 540 549 134 316 992 302 75 716 998 638 266 866 630 715 710 132 582 520 330 822 316 759 268 536 217 215 413 312 655 77 300 548 626 434 216 970 88 643 686 86 281 953 304 911 668 367 43 602 887 726 425 203 485 45 92 55 260 505 719 267 582 19 167 560 805 383 530 245 26 569 684 660 874 988 923 542 355 319 497 595 45 922 798 882 
319 890 289 579 748 8 198 330 379 366 891 536 101 773 782 480 342 466 140 216 806 63 111 514 734 608 109 131 882 907 366 553 150 655 484 250 664 682 580 395 48 823 932 502 949 66 982 291 532 122 860 690 537 323 204 272 283 313 755 517 573 121 70 75 777 554 325 793 236 257 188 637 433 472 139 382 538 473 25 422 595 885 113 484 560 317 108 843 983 864 712 908 985 782 335 114 688 12 259 277 269 800 914 702 272 405 436 811 878 462 233 825 699 698 661 260 16 770 455 351 986 168 611 323 302 946 
790 991 958 49 268 227 849 534 282 122 291 718 285 521 180 870 698 880 569 359 492 937 481 947 288 819 467 251 143 770 197 285 761 155 334 381 734 536 915 368 10 558 439 295 79 971 517 129 203 86 488 695 23 322 995 663 141 462 914 636 232 463 921 345 970 608 726 705 144 993 425 154 551 864 449 982 188 318 111 391 405 952 87 780 274 82 444 767 896 710 756 129 174 677 474 144 285 201 201 781 194 979 935 98 195 736 80 383 55 192 775 812 144 214 592 770 648 388 889 544 99 645 673 625 675 148 
121 312 701 323 94 247 654 29 345 849 118 426 233 173 618 8 985 114 574 929 236 222 318 125 766 417 771 440 394 446 940 515 110 993 190 204 240 844 586 586 694 704 12 279 229 982 287 566 448 861 495 684 435 813 161 201 582 932 641 976 730 933 492 841 926 682 397 167 879 983 105 573 39 469 852 268 803 491 834 251 704 682 287 139 495 800 692 78 85 686 54 815 619 898 8 898 933 758 417 812 741 522 737 781 991 589 401 794 432 588 397 488 270 36 979 765 836 671 195 921 709 602 89 329 500 449 
579 433 207 996 245 949 518 982 82 861 923 835 7 707 423 404 547 693 792 878 811 628 902 6 550 611 608 639 292 461 440 871 894 648 867 492 949 737 826 31 598 102 218 605 161 642 361 61 687 153 939 498 782 841 857 684 453 817 675 745 278 115 969 525 763 836 369 712 926 547 95 524 649 314 482 163 308 843 224 995 997 163 846 131 357 703 167 810 520 842 907 151 309 876 28 73 65 397 137 991 944 585 515 946 899 349 461 559 193 37 554 542 200 400 25 909 455 192 719 328 386 979 831 695 207 859 
768 272 256 258 263 552 843 131 850 94 832 311 653 25 348 207 919 901 960 296 810 767 488 882 95 874 213 926 922 420 785 42 693 393 300 308 298 495 791 148 589 624 812 242 1 512 802 273 765 114 569 576 881 58 810 329 284 23 255 206 795 393 601 840 138 901 501 436 397 292 937 338 268 749 581 270 261 735 895 27 849 464 955 730 874 117 59 511 492 667 717 287 412 670 480 550 572 981 987 321 625 924 659 894 25 592 516 638 327 411 17 528 227 972 611 102 441 22 613 933 689 682 573 101 353 53 
4 277 34 991 598 11 267 609 257 292 202 125 282 881 888 300 410 116 272 21 218 66 395 183 999 85 217 572 538 570 977 894 847 363 237 797 375 504 407 632 148 961 758 431 842 646 731 604 114 355 625 684 773 21 867 773 458 85 697 348 7 27 243 207 390 480 4 117 337 763 102 837 724 860 268 919 858 351 523 325 59 501 9 832 874 229 957 684 314 7 32 673 34 627 880 424 460 237 542 149 352 996 986 429 856 607 348 66 310 223 391 369 724 753 554 950 982 863 634 648 870 19 321 904 998 554 
681 458 143 575 959 847 571 946 276 779 553 976 845 215 552 589 937 276 694 491 579 676 354 565 324 577 584 997 481 583 551 162 393 46 89 353 894 660 651 170 439 556 499 637 771 51 578 708 679 272 551 258 948 258 824 624 835 760 621 316 695 525 831 441 571 920 146 817 933 797 340 372 705 839 361 476 242 939 537 921 563 88 532 511 346 708 487 181 468 461 850 516 986 681 957 909 953 455 79 886 252 419 611 309 610 972 785 852 264 322 125 827 411 657 691 109 717 178 291 538 639 141 54 977 174 363 
239 479 818 318 718 422 89 329 731 699 653 516 551 917 191 28 745 954 686 436 63 403 966 354 941 958 847 347 935 373 710 526 853 528 844 923 950 933 604 681 984 257 550 535 175 741 564 272 695 602 60 758 357 26 465 651 984 664 998 272 38 61 798 243 941 995 166 892 280 770 925 265 379 475 152 906 568 68 178 263 670 590 374 380 617 191 31 953 855 381 577 893 794 376 488 736 723 6 980 3 128 905 268 508 733 773 414 301 841 945 565 512 887 291 244 856 482 627 810 337 8 739 583 155 467 423 
891 190 430 871 546 910 776 166 418 509 939 185 163 781 482 80 645 369 371 889 226 853 516 388 542 876 127 477 31 595 901 922 137 683 145 683 593 274 850 364 135 789 549 298 570 383 378 215 752 749 456 330 954 972 718 849 849 198 326 232 145 579 155 282 262 652 966 208 926 168 572 62 957 473 360 880 856 739 447 960 840 904 291 795 876 361 644 77 559 322 310 56 902 817 339 516 469 657 724 396 825 648 810 782 473 170 14 329 261 462 642 102 366 285 249 242 646 245 320 558 567 982 614 821 799 305 
