LINHAS = 32
COLUNAS = 32
142 599 339 667 35 209 619 921 446 505 427 380 707 423 65 540 948 668 180 55 572 909 137 770 624 198 278 669 833 609 820 975 
560 511 994 595 721 965 516 519 471 943 899 178 719 316 718 667 984 250 74 908 159 211 30 136 761 660 157 594 269 977 569 181 
841 916 776 914 881 293 433 352 588 684 882 307 352 953 974 688 203 400 596 715 611 978 851 372 638 8 318 259 337 240 440 530 
156 216 444 37 861 229 742 450 913 624 109 265 577 436 953 133 836 901 200 800 879 403 524 869 763 843 480 452 83 920 983 591 
489 779 980 702 9 722 504 274 699 614 892 628 50 197 761 886 99 313 38 330 716 563 552 479 406 32 932 841 305 267 784 146 
46 764 848 55 839 705 682 890 319 574 518 369 771 632 607 870 945 998 553 662 561 105 493 319 489 777 160 794 44 944 292 443 
60 493 850 899 198 532 789 517 106 660 238 878 292 197 100 237 195 653 251 756 110 745 75 952 522 587 746 919 883 391 362 944 
884 212 195 82 745 337 951 851 997 189 81 289 386 182 878 934 187 130 690 298 875 118 250 749 57 348 668 941 739 382 237 975 
595 432 57 692 121 8 895 118 549 977 759 288 511 638 222 698 768 264 348 995 734 598 744 792 299 765 85 390 147 322 366 94 
106 775 138 228 136 34 346 37 363 458 325 874 96 899 572 864 516 921 859 250 871 955 394 522 720 831 913 220 153 631 666 612 
758 805 840 894 839 538 932 202 996 609 428 92 509 0 308 25 921 167 627 145 123 374 667 195 205 932 415 711 563 82 323 674 
239 515 568 78 405 852 632 754 462 60 198 323 412 507 700 334 26 327 831 501 53 498 697 611 431 464 322 346 898 997 20 137 
512 941 567 269 793 199 23 607 611 222 930 24 729 630 710 107 310 893 609 363 391 658 974 174 122 648 873 21 645 245 510 509 
186 78 779 332 629 802 939 241 24 222 617 105 852 679 213 514 572 822 878 315 832 204 490 954 853 715 327 850 960 838 360 147 
916 139 831 897 293 122 138 318 344 107 775 549 138 988 63 710 162 941 26 994 498 868 301 703 583 980 553 543 818 265 42 86 
404 225 984 50 348 474 720 692 934 495 593 72 836 657 783 350 950 161 697 448 381 998 151 964 978 57 859 149 322 254 587 79 
479 923 129 179 398 849 224 684 696 817 756 532 474 891 883 425 404 580 225 785 930 729 749 260 786 961 761 460 215 349 539 46 
272 20 226 22 869 450 706 566 267 463 450 94 706 685 519 111 617 744 896 547 473 998 160 611 959 921 72 174 270 963 220 895 
984 798 917 853 600 624 771 220 439 574 314 145 259 833 608 229 929 505 128 755 503 288 718 462 562 790 988 184 754 560 79 738 
359 349 943 959 973 67 531 764 993 845 261 604 30 870 833 312 375 962 67 230 250 137 44 164 928 32 349 34 592 428 124 303 
777 419 615 102 838 146 218 831 992 480 788 374 350 621 686 77 583 105 307 186 243 351 350 523 735 51 909 679 832 33 983 961 
804 950 416 995 448 634 178 792 114 966 167 816 588 853 245 523 959 552 61 554 255 764 77 990 815 986 670 647 371 5 961 527 
307 377 522 755 11 701 548 478 19 715 294 607 920 892 483 231 444 544 785 52 308 214 394 476 552 416 475 275 421 436 803 80 
165 677 836 177 730 736 7 750 451 653 709 723 545 192 955 342 89 92 394 397 659 788 225 211 557 53 487 330 489 642 411 655 
319 247 184 50 983 191 152 786 196 861 861 742 54 816 84 143 261 478 892 272 618 470 483 175 523 322 506 364 316 917 19 988 
516 555 390 851 98 542 637 295 403 498 37 457 667 121 952 280 951 197 552 921 667 387 97 190 62 955 554 378 224 926 366 740 
833 756 943 932 650 580 227 54 430 616 863 449 89 168 81 40 365 985 961 32 373 410 574 787 365 480 517 589 758 884 681 944 
992 624 876 643 556 455 49 339 423 912 140 512 80 222 904 797 559 865 181 932 628 755 71 993 588 589 935 698 825 968 642 169 
593 870 812 501 677 213 840 100 126 333 612 558 555 516 356 114 734 537 399 362 645 822 707 585 411 642 283 236 611 278 406 556 
500 570 57 178 784 250 278 262 583 243 172 490 759 528 956 845 418 707 207 63 530 915 0 941 909 635 178 872 913 936 428 766 
506 838 944 642 440 222 904 23 465 77 513 577 957 469 422 375 177 982 790 707 249 142 0 158 778 530 383 43 466 163 809 973 
1 753 615 793 328 872 816 145 949 681 722 258 503 497 634 32 831 776 91 80 919 91 590 697 622 325 92 88 489 902 413 842 
