LINHAS = 126
COLUNAS = 126
643 77 963 812 588 117 236 981 390 601 438 706 38 497 39 368 972 958 322 251 54 90 74 179 694 96 285 299 841 207 641 484 284 956 648 872 73 884 854 463 838 644 522 228 141 913 948 113 872 271 716 278 713 142 457 407 238 95 59 431 302 52 915 939 9 564 811 82 800 17 898 990 661 772 219 802 685 167 267 909 790 336 187 503 478 997 263 69 444 322 500 746 374 768 37 383 684 849 818 836 218 68 827 880 192 398 34 877 917 654 139 708 990 678 563 820 27 826 889 471 148 742 570 523 510 607 
258 546 808 428 382 27 496 561 907 688 959 941 918 877 595 409 937 937 87 500 758 115 327 999 938 475 741 508 350 603 116 609 149 924 37 532 303 886 445 210 926 405 504 196 634 451 605 923 389 45 423 499 160 102 498 450 930 240 959 280 195 427 241 345 703 631 229 7 517 674 569 795 431 73 992 417 525 949 340 266 994 116 765 154 218 615 605 148 855 916 429 403 695 22 748 398 653 977 405 522 3 327 318 435 400 662 852 277 611 545 895 606 661 12 112 879 628 69 28 835 337 809 238 32 831 986 
431 485 315 188 359 319 515 677 106 268 691 310 545 303 855 793 261 868 805 373 748 433 795 128 269 132 289 507 517 472 846 948 309 513 488 669 184 356 698 290 624 390 953 521 693 160 314 306 29 472 679 129 905 826 609 526 311 250 386 828 722 584 128 32 97 968 701 282 324 399 924 300 789 229 174 834 390 840 140 771 312 172 252 570 350 861 448 661 111 834 841 185 770 321 217 868 290 270 502 966 22 778 619 163 360 793 998 102 633 490 873 298 14 477 220 365 690 668 378 801 855 572 338 625 893 556 
845 183 826 699 502 200 830 121 364 190 266 714 644 251 204 869 549 219 346 121 936 36 790 666 189 997 238 527 622 132 435 820 667 614 871 521 814 701 642 178 243 908 892 887 512 97 108 61 668 454 535 956 842 325 622 31 322 213 911 296 697 346 468 364 960 340 238 775 393 880 953 637 141 846 876 653 295 985 66 315 791 601 623 634 278 597 17 952 810 928 249 507 275 69 224 587 409 462 362 803 694 668 792 187 866 668 192 161 5 611 828 797 212 451 783 843 48 800 795 211 729 396 718 356 466 942 
943 227 756 658 30 451 326 822 638 192 843 831 705 200 442 885 349 6 688 132 201 88 285 349 299 366 745 18 722 563 312 17 791 69 27 173 520 705 348 510 897 543 341 954 743 135 839 93 494 879 577 695 968 862 44 267 228 142 637 302 705 950 672 848 371 51 374 891 757 722 753 654 265 95 961 8 582 152 453 428 32 383 124 352 245 520 619 826 662 257 480 720 559 504 920 930 556 294 173 313 368 926 319 633 373 280 994 308 433 799 736 817 182 212 169 780 733 140 606 747 749 438 819 308 943 92 
590 499 386 763 812 107 690 131 740 415 412 86 723 197 886 460 366 420 672 535 200 757 27 158 505 777 597 324 85 540 768 28 39 155 791 203 262 833 334 354 249 98 793 324 647 31 784 13 451 809 900 4 566 928 162 71 57 759 748 494 651 516 522 42 23 314 245 637 499 932 344 100 30 137 425 30 168 561 395 971 370 296 975 937 576 138 360 633 249 460 127 901 977 2 295 352 668 541 342 167 473 686 620 855 175 45 237 695 958 633 666 329 281 994 618 209 484 978 194 733 439 673 986 768 675 282 
120 343 175 814 863 0 500 483 855 27 880 445 722 838 78 741 167 359 735 785 568 219 116 114 304 555 787 643 675 463 925 147 806 452 962 669 452 814 504 659 842 384 104 916 223 182 657 742 893 392 880 813 963 996 927 620 903 715 263 578 178 188 725 336 640 687 358 444 854 862 103 696 599 208 612 174 390 622 916 636 14 796 449 330 792 729 950 47 444 213 625 974 753 703 662 745 390 20 189 596 235 292 292 834 500 257 8 243 879 276 879 245 425 680 575 217 409 877 617 205 442 242 531 195 945 194 
292 688 214 481 284 801 126 929 987 978 186 347 221 65 624 452 662 49 485 238 618 246 467 235 804 910 478 335 457 775 529 750 463 96 583 100 897 709 29 885 688 567 232 261 632 208 66 646 257 903 884 228 149 704 463 953 614 293 289 71 421 170 173 236 266 757 336 516 818 717 753 858 284 337 472 268 546 538 915 155 793 151 383 942 855 199 248 821 844 889 245 265 59 770 502 678 527 190 546 346 908 299 556 544 988 28 813 534 918 80 42 711 583 425 6 439 976 254 612 821 495 209 86 906 980 940 
584 859 131 482 557 39 781 114 583 770 142 748 656 61 828 698 772 412 476 130 203 452 384 167 625 879 729 712 786 61 652 722 920 135 205 478 174 338 944 110 460 86 210 469 499 391 167 624 155 995 754 710 800 491 877 425 722 958 137 508 19 142 583 940 277 140 770 804 478 714 266 291 152 476 760 4 867 927 980 374 275 86 84 75 577 314 500 300 272 990 160 292 484 743 584 113 235 706 917 714 772 535 357 276 12 117 280 231 396 612 606 671 699 690 746 276 356 599 928 629 589 89 273 425 184 209 
538 420 915 456 486 687 343 843 963 355 960 596 939 708 208 545 732 259 587 478 536 296 429 464 925 370 905 550 795 442 759 334 862 26 142 348 65 485 543 380 193 855 976 132 563 537 29 295 796 968 126 684 264 555 501 541 926 406 91 73 848 202 407 62 580 901 762 645 387 305 26 580 160 354 64 76 891 93 371 40 61 849 724 678 757 225 219 35 984 663 108 184 865 868 599 798 769 361 443 156 667 821 88 179 176 504 607 419 597 331 459 11 180 184 689 937 761 260 324 97 923 433 634 141 301 233 
939 70 594 734 579 613 556 19 145 732 524 752 503 473 83 963 836 616 499 877 905 612 138 230 710 413 663 344 906 316 929 197 738 875 932 669 489 840 689 986 924 565 738 427 38 174 390 227 142 889 104 47 502 594 277 564 8 292 260 914 960 189 112 699 416 396 368 905 236 409 243 160 974 334 587 365 860 330 592 2 571 48 49 425 643 679 989 3 323 601 917 284 142 381 983 559 129 703 816 365 113 60 877 439 394 817 804 254 147 748 256 718 797 657 144 792 336 485 795 12 87 64 296 229 446 279 
140 575 982 957 293 447 17 170 887 763 339 691 369 486 792 977 557 941 634 53 733 323 538 528 335 977 944 631 559 742 262 699 318 596 656 963 44 25 485 283 788 825 326 157 663 118 134 220 59 121 273 144 796 164 24 131 141 969 114 700 711 728 400 381 676 408 344 720 434 182 3 574 7 330 732 22 800 218 243 212 691 868 356 487 384 381 970 878 350 436 930 61 516 682 795 193 91 139 265 877 673 269 451 680 951 535 55 103 106 298 315 797 518 672 637 255 53 959 133 755 748 415 168 264 98 963 
457 189 455 723 66 128 344 517 161 647 405 216 750 511 866 418 308 736 90 297 991 495 257 476 250 5 892 770 621 990 734 79 531 189 154 949 669 498 818 830 497 223 46 247 734 912 665 43 649 107 692 992 954 949 469 556 306 713 327 280 703 61 359 586 602 865 535 271 363 353 102 212 577 500 811 311 413 829 706 414 936 751 406 891 700 227 447 359 940 126 639 995 187 350 933 141 215 468 765 930 174 219 142 103 719 953 766 484 782 825 250 71 576 657 314 628 236 113 339 529 240 978 876 779 680 810 
921 895 630 38 177 156 257 319 611 328 625 378 813 759 555 63 830 131 72 144 759 661 610 99 190 850 429 418 629 110 580 902 357 563 940 535 719 197 206 683 526 183 61 691 943 616 106 125 99 179 622 210 192 232 661 734 82 443 152 63 553 85 966 262 648 906 149 719 456 708 402 334 891 815 377 186 783 483 312 882 14 286 445 206 518 106 940 952 549 445 15 454 530 333 69 178 240 218 249 48 278 652 734 170 819 111 708 603 946 372 837 961 658 282 167 528 741 460 480 290 257 848 97 787 181 166 
317 421 384 566 821 663 570 555 185 742 18 893 345 965 266 534 926 276 169 445 805 910 257 285 552 514 133 649 653 315 815 970 88 552 889 262 567 811 169 104 553 188 349 250 505 967 785 783 244 954 580 49 216 838 686 768 704 172 418 358 487 585 680 927 137 569 541 56 381 711 160 286 251 510 537 756 477 674 539 721 628 119 122 844 309 809 964 366 981 382 724 820 968 404 99 457 326 641 514 59 352 26 345 603 536 234 711 366 908 602 87 888 73 562 84 383 723 49 749 704 431 825 876 751 581 975 
561 907 968 75 318 672 101 16 627 990 250 338 356 511 940 795 399 14 357 484 749 432 533 498 136 316 675 364 420 256 692 981 516 660 56 186 333 509 202 960 851 805 651 207 316 591 3 67 957 712 903 706 145 788 556 633 105 231 350 877 840 42 858 708 54 266 894 387 775 97 700 979 254 351 186 922 294 541 989 252 606 893 310 103 33 867 88 138 450 438 367 642 832 225 350 887 491 245 626 619 694 326 598 300 29 136 222 324 678 563 928 636 808 238 739 842 457 827 332 260 618 700 902 450 925 605 
337 769 202 316 740 248 642 338 548 24 826 122 348 856 685 628 492 846 218 583 688 28 411 20 288 381 720 542 183 998 499 873 119 701 189 859 301 183 549 849 207 375 323 555 232 361 535 724 207 754 308 895 782 71 267 422 804 340 964 987 338 464 860 457 517 49 668 819 585 217 20 792 592 344 700 176 705 235 253 912 341 561 159 123 984 426 545 788 766 862 127 456 678 340 265 547 741 933 366 326 502 739 119 447 435 819 623 492 54 876 756 748 789 915 871 125 341 769 265 460 983 393 916 13 733 534 
560 474 467 279 801 322 18 920 769 453 91 392 297 497 621 53 245 762 968 469 888 661 590 153 121 573 898 390 586 631 924 498 458 743 777 259 65 147 531 186 600 974 579 249 471 552 302 69 314 270 538 554 284 128 708 757 53 606 147 639 590 423 137 48 519 267 659 936 414 542 123 367 516 54 616 339 606 919 408 272 541 946 827 825 426 887 583 479 845 82 470 435 858 960 835 377 227 494 665 641 36 788 360 904 842 977 244 800 896 4 425 789 303 252 615 729 491 550 209 336 632 31 772 490 991 607 
219 570 454 885 564 842 25 924 99 220 901 343 20 149 699 445 939 2 49 554 732 540 456 293 229 88 324 1 931 668 960 502 238 766 739 802 961 765 727 60 985 980 755 357 130 454 803 421 457 204 327 541 745 783 834 974 871 510 327 154 178 639 9 769 758 748 571 719 513 650 779 850 631 534 208 113 988 363 534 797 567 861 338 664 996 524 990 219 35 669 374 565 309 383 334 419 483 258 138 349 908 917 199 891 803 759 356 143 474 890 941 42 103 279 58 451 804 49 671 191 718 397 756 379 132 443 
150 615 701 288 964 961 557 516 205 360 275 561 856 750 804 797 144 259 428 202 711 584 603 382 775 674 779 884 405 911 327 556 878 380 844 843 341 754 359 898 466 986 460 322 736 264 119 880 875 548 435 586 484 38 320 260 712 99 144 118 362 823 26 241 203 870 436 896 976 795 795 443 781 607 765 870 223 885 102 98 785 537 685 269 928 357 881 992 457 377 462 171 200 488 764 755 711 200 652 687 995 799 130 129 758 896 999 981 133 101 431 918 639 468 539 567 826 421 911 283 798 374 806 351 862 571 
106 573 771 110 261 119 261 391 248 19 639 247 352 772 348 784 42 339 252 582 258 78 355 170 713 505 544 872 856 758 443 315 332 214 777 945 685 391 336 933 410 328 180 115 100 529 899 143 220 503 725 479 582 80 649 647 585 545 519 794 303 314 461 987 881 238 932 566 629 269 500 392 597 680 507 49 561 758 192 782 261 269 613 195 701 614 195 639 159 714 433 814 381 246 802 262 484 734 828 466 355 680 210 304 713 717 354 274 475 898 408 88 168 373 284 869 987 479 508 146 545 293 961 926 539 763 
188 376 849 369 842 205 401 52 509 114 121 863 389 948 762 149 36 282 523 672 151 862 151 12 9 49 305 322 975 197 437 516 573 286 237 767 843 638 171 353 753 644 568 494 592 682 995 980 964 518 653 468 381 156 480 742 205 137 416 181 334 205 49 259 843 286 378 687 924 549 40 29 545 960 523 137 643 519 118 607 389 123 75 122 279 907 216 485 45 632 18 731 837 67 343 681 705 721 720 981 623 760 11 168 72 886 658 715 757 128 675 499 251 750 621 882 658 190 367 55 822 737 786 12 156 481 
45 861 203 765 195 178 877 558 698 949 796 356 665 554 484 340 405 87 442 378 970 452 568 689 507 391 427 646 755 935 127 800 149 682 917 344 860 794 254 559 95 50 267 760 956 752 452 361 191 247 740 161 699 308 203 559 51 982 205 806 917 684 958 66 367 875 762 227 669 16 138 765 419 406 877 375 510 682 89 53 281 829 567 980 489 770 539 541 752 96 347 669 781 658 88 148 533 202 727 555 219 218 672 638 976 901 365 838 583 454 891 864 635 810 197 125 580 88 666 332 537 365 354 318 23 794 
818 557 996 897 464 567 467 136 557 795 37 923 633 973 729 877 189 365 687 386 490 620 827 156 304 364 873 658 34 897 804 204 806 801 453 270 720 273 406 278 68 795 553 54 768 282 931 958 647 970 696 137 590 875 645 895 591 519 905 977 768 710 533 574 863 987 196 583 612 954 213 680 749 766 734 870 49 17 180 696 988 228 186 930 104 831 177 47 702 435 25 470 497 558 396 360 897 944 295 509 898 509 542 0 275 628 870 676 646 402 373 986 630 911 268 86 742 446 134 445 881 159 267 378 69 664 
90 319 608 737 180 859 246 722 859 874 351 81 550 349 483 275 335 465 186 603 552 281 401 686 78 634 197 345 12 618 361 454 937 322 192 470 181 790 544 392 664 247 473 567 596 308 194 283 773 733 887 677 366 640 363 444 275 912 141 639 531 855 94 468 177 638 938 710 428 483 102 445 82 927 364 679 235 558 962 360 643 201 390 9 842 753 805 469 666 947 460 197 154 554 17 331 544 308 41 973 143 143 770 225 422 134 904 9 44 219 369 688 772 111 49 614 865 855 435 883 154 896 432 660 802 449 
991 347 109 384 672 252 879 794 830 301 928 86 310 324 305 31 364 78 143 766 44 360 621 832 243 127 728 27 139 882 828 130 581 938 866 253 542 745 399 372 46 679 811 708 4 116 739 368 546 234 134 943 594 107 775 189 586 855 216 725 737 45 207 319 335 73 924 877 818 324 602 216 3 413 924 359 881 16 80 780 250 566 75 197 26 850 386 964 57 955 690 146 352 249 817 687 675 742 916 845 418 870 62 773 635 338 133 869 354 213 649 957 131 724 154 157 926 892 122 335 847 164 481 551 413 651 
238 440 393 507 286 163 377 700 288 13 38 421 234 745 986 883 702 118 959 208 627 237 452 749 572 652 913 405 203 679 56 794 119 801 301 757 316 30 457 605 395 496 378 629 593 365 864 295 835 175 855 462 412 659 212 336 311 477 94 515 508 502 661 980 304 962 737 972 344 547 577 740 395 956 369 988 673 586 635 860 761 490 322 174 501 886 862 813 716 956 680 224 459 341 556 115 655 646 439 999 193 17 91 588 325 813 576 350 399 563 210 160 405 884 686 906 771 549 719 839 857 751 415 668 92 972 
135 99 618 575 451 163 944 542 751 269 355 679 971 754 594 181 267 999 65 953 905 188 854 625 27 712 728 443 380 821 767 516 272 737 91 723 900 35 266 3 656 621 34 979 728 628 160 995 627 577 948 532 118 803 509 497 867 238 292 247 411 59 115 683 796 558 407 48 945 25 51 601 646 85 932 374 713 92 721 692 22 670 225 492 825 86 341 692 676 634 291 87 45 407 123 194 965 530 242 263 907 294 864 553 731 797 280 797 241 1 489 615 23 66 459 200 153 801 892 829 435 536 269 832 295 392 
26 260 274 269 523 181 915 740 86 646 889 718 443 482 720 285 450 95 351 909 296 856 710 540 38 497 76 659 330 371 51 356 984 677 977 859 210 892 951 296 539 192 367 334 27 87 971 477 534 675 386 182 531 449 75 921 298 151 580 628 875 983 337 211 12 314 422 222 207 726 871 98 918 238 784 945 677 756 774 563 431 513 746 314 962 821 236 260 324 168 241 551 504 930 114 516 244 889 91 803 615 962 901 885 552 686 183 581 794 957 144 225 470 890 539 784 63 127 397 388 296 990 291 800 920 406 
668 164 295 759 320 262 73 221 147 625 259 330 206 405 640 351 630 110 593 522 247 9 649 644 397 297 634 40 97 554 446 118 70 93 877 390 355 951 964 503 576 575 185 135 981 825 838 963 288 783 485 887 792 487 531 541 784 517 582 234 423 380 352 845 474 229 588 181 532 904 684 109 479 222 596 812 399 434 776 39 569 613 926 362 100 809 903 237 678 837 471 101 218 175 299 692 756 887 873 289 791 910 750 622 484 346 435 883 132 563 275 701 528 201 63 981 363 319 218 41 156 41 495 726 568 794 
418 324 681 644 613 472 906 363 94 742 709 881 977 193 796 252 895 325 806 310 306 169 981 876 562 490 269 57 216 837 851 987 513 884 983 127 708 241 842 803 983 904 36 960 97 833 565 344 510 371 7 168 892 988 396 806 478 665 864 47 854 67 34 367 952 17 494 660 258 689 815 593 593 204 905 690 37 470 35 899 193 42 67 85 382 463 892 213 480 108 260 334 175 646 53 479 15 900 492 625 589 307 218 182 511 123 872 900 594 259 799 787 653 218 225 36 33 469 601 513 577 861 199 104 859 253 
584 874 505 76 499 94 735 717 276 599 192 500 499 138 760 651 278 765 221 503 153 607 972 754 120 901 967 672 5 826 277 941 52 782 369 551 228 105 620 504 56 813 4 907 303 116 910 581 234 132 84 387 739 408 494 211 661 461 235 19 640 864 960 692 646 682 244 874 139 216 730 195 29 87 102 333 555 13 266 789 497 703 177 588 111 23 151 125 484 387 144 476 251 456 169 250 490 765 476 629 981 559 824 363 646 279 48 201 292 314 343 141 17 872 729 481 895 232 606 731 619 102 208 223 910 729 
825 401 494 653 30 475 212 207 190 858 486 238 412 130 553 107 623 922 979 704 403 226 936 361 957 908 815 165 131 726 894 308 479 740 961 509 568 174 68 758 384 554 349 148 36 254 255 659 176 234 363 580 812 300 941 770 208 109 287 691 835 534 999 314 626 960 175 194 486 244 305 871 150 654 19 187 908 627 846 84 213 562 16 26 214 310 148 422 419 435 465 254 321 464 920 948 776 95 142 615 339 447 486 490 453 857 29 361 484 227 446 698 789 462 76 3 772 224 777 191 659 242 797 333 58 717 
281 187 813 775 802 504 575 640 346 28 497 375 390 334 603 188 384 744 650 460 100 775 684 229 318 343 472 116 28 882 185 309 69 998 437 223 855 12 863 201 40 713 577 430 47 532 618 431 628 621 891 728 748 575 958 66 270 782 534 299 16 720 608 438 718 397 661 925 409 525 127 450 590 56 232 637 588 203 68 216 176 311 297 924 886 607 990 508 741 525 807 757 597 768 547 667 165 209 593 575 86 720 377 676 776 609 665 716 164 733 284 340 396 581 264 282 540 607 790 281 484 950 391 81 718 938 
748 235 147 341 162 585 61 539 613 189 501 278 905 665 363 190 358 759 123 622 393 664 581 536 945 65 486 336 498 556 627 599 791 126 940 954 712 354 845 325 895 346 604 801 12 967 343 370 727 466 344 120 130 278 656 428 695 494 116 194 50 743 793 194 870 85 148 582 791 345 259 687 692 215 488 56 183 831 778 262 297 474 734 780 752 743 208 448 237 324 994 640 420 787 834 290 224 334 224 16 31 835 703 723 51 543 779 586 726 557 200 375 384 934 155 136 29 715 584 619 392 578 259 812 717 445 
454 942 131 678 958 162 865 13 238 916 556 17 502 282 927 702 9 311 989 165 799 18 880 736 989 624 666 248 436 736 45 890 678 528 920 988 43 786 353 281 54 909 650 909 543 929 963 552 592 304 69 392 323 302 480 664 926 146 265 715 882 310 605 912 191 878 900 234 16 605 867 70 514 517 979 409 447 295 314 39 599 735 783 274 37 263 939 316 762 204 31 644 866 636 557 57 866 809 643 882 415 510 953 281 380 284 43 179 931 357 570 531 444 354 805 482 969 96 150 731 652 181 728 519 169 637 
928 36 446 924 918 213 786 223 847 166 860 890 345 791 599 916 322 395 622 480 877 943 928 379 675 581 560 403 100 730 40 380 118 838 304 388 404 91 612 603 609 472 845 955 615 796 223 290 191 197 770 421 140 50 800 167 631 361 922 83 443 314 816 561 505 120 949 909 563 913 512 173 737 709 480 353 505 703 643 696 252 765 117 744 815 918 912 799 631 834 234 74 149 50 987 6 523 288 915 86 202 779 259 291 488 91 644 345 146 287 41 398 404 511 143 220 429 55 19 412 241 605 838 742 656 177 
748 179 465 15 265 19 794 877 311 634 968 307 979 115 947 373 865 351 884 8 571 665 415 942 77 657 548 915 751 556 92 500 735 909 515 352 929 662 581 592 648 550 899 980 17 846 353 882 550 589 243 121 254 658 416 331 667 316 598 419 872 42 271 959 951 138 311 232 800 893 176 801 795 428 133 812 626 838 46 176 427 289 298 681 300 66 364 967 382 314 738 606 356 9 565 307 148 876 892 300 121 68 453 916 496 586 80 123 424 479 299 851 768 949 884 420 15 248 388 749 562 478 355 918 840 272 
578 988 501 470 640 622 538 94 891 387 680 971 510 457 450 161 308 571 111 193 991 478 793 731 228 708 562 935 978 402 208 908 742 709 378 382 683 269 828 574 656 861 898 518 318 700 679 978 623 790 523 967 621 317 698 849 377 260 136 355 14 696 264 756 405 994 139 441 615 967 367 623 180 265 141 498 318 173 477 941 315 0 908 936 669 959 137 46 571 274 754 586 970 370 694 728 364 833 521 332 153 888 955 333 506 97 184 824 622 661 117 937 13 378 226 35 337 363 81 260 989 187 198 960 557 893 
40 274 78 561 606 583 449 561 917 955 10 453 131 984 114 249 922 479 627 500 514 316 863 948 928 853 135 479 165 45 372 557 671 450 118 629 386 919 190 303 227 553 756 358 537 222 959 811 53 586 311 568 254 527 516 535 732 3 14 249 400 386 806 423 188 276 52 574 195 595 229 774 148 337 133 37 559 92 849 613 31 512 533 637 391 401 172 123 756 186 372 509 924 530 932 465 806 985 391 354 580 621 128 80 310 613 117 870 58 318 835 441 183 720 78 574 121 603 50 229 141 422 738 66 305 671 
531 111 8 274 817 588 895 946 668 206 911 137 428 969 456 615 410 991 687 841 565 160 444 615 389 585 390 480 3 695 151 886 158 511 161 328 451 408 626 119 614 537 608 394 859 416 361 621 407 48 462 973 208 258 940 598 196 682 78 551 729 581 438 888 92 951 568 543 359 194 14 326 83 974 720 942 391 82 564 798 482 378 123 691 637 416 641 185 98 71 736 828 4 526 68 448 477 636 343 837 830 357 163 265 683 235 208 74 669 124 225 152 502 700 195 491 116 836 676 215 259 765 43 263 291 111 
711 769 99 54 958 281 763 121 546 446 708 106 873 378 230 450 882 85 150 77 928 619 265 957 834 876 722 229 139 365 692 202 134 791 608 92 424 371 565 970 169 274 429 394 4 11 844 886 96 347 315 377 966 932 334 152 808 56 381 947 421 425 501 908 568 109 352 992 832 918 314 1 192 743 396 548 755 592 434 203 939 101 580 257 33 914 409 841 322 790 140 96 567 641 4 135 102 356 479 934 626 794 935 170 889 683 718 644 628 504 200 919 605 780 177 990 47 586 831 369 729 323 817 296 316 173 
784 418 882 263 352 508 409 640 679 299 675 749 295 655 254 847 575 211 628 752 202 675 690 385 396 419 709 566 68 377 739 852 796 621 467 500 482 229 492 513 528 520 262 175 175 516 23 102 728 3 206 282 30 897 667 778 668 728 344 736 458 84 940 606 57 760 106 539 989 951 52 869 823 667 396 998 183 419 453 263 422 659 545 804 908 565 583 577 645 927 665 103 363 606 709 421 718 168 312 707 119 717 928 942 384 324 292 919 744 745 535 518 757 80 323 665 997 258 242 643 185 908 746 549 866 808 
322 584 976 986 643 95 55 571 389 439 895 33 711 991 131 246 862 888 678 537 905 676 795 148 671 332 408 769 233 626 577 907 562 553 894 205 0 949 128 389 741 375 423 804 719 554 50 581 794 728 470 699 756 265 199 779 949 959 549 183 585 478 90 147 32 336 704 32 638 832 774 379 208 197 535 927 103 585 860 897 665 330 948 774 947 148 553 896 459 454 431 45 933 522 544 965 210 249 349 848 433 123 579 641 672 114 920 127 699 132 376 717 814 325 491 761 825 396 10 284 851 793 681 136 667 226 
453 878 827 802 726 260 278 306 254 302 420 526 430 472 659 158 189 473 835 32 587 660 428 597 297 631 390 330 119 58 556 572 288 735 727 14 996 5 672 250 659 93 776 441 917 787 600 458 261 435 490 848 448 270 797 97 254 539 427 373 949 336 298 237 71 25 604 67 382 276 669 41 721 798 483 990 585 435 448 198 870 938 398 318 561 547 415 167 87 195 540 388 531 838 978 602 215 934 22 597 210 691 991 284 841 474 274 779 261 75 977 131 365 728 802 926 275 569 93 714 764 986 103 295 176 433 
898 392 367 272 341 929 963 332 565 157 158 192 936 419 267 265 903 632 993 57 559 269 626 4 983 743 342 438 38 871 871 288 263 590 560 956 872 876 641 437 33 151 629 321 571 896 586 826 529 580 883 440 201 509 796 184 252 139 975 643 10 198 283 625 789 196 933 661 424 574 450 457 726 80 130 649 328 716 475 209 648 358 1 849 219 798 34 824 289 361 819 651 559 102 628 348 650 561 361 74 136 812 883 214 244 13 215 924 82 690 134 730 400 135 580 971 285 966 147 574 327 966 577 886 421 205 
587 71 767 948 146 255 112 381 821 708 395 36 985 477 726 119 559 478 606 139 801 244 457 949 818 136 915 748 23 336 953 962 760 720 262 258 327 727 639 148 435 34 184 420 863 262 891 775 740 850 914 894 94 724 843 264 860 758 12 235 447 966 197 559 38 460 817 366 539 456 514 974 843 699 747 58 313 990 833 406 840 100 300 286 176 143 903 36 253 915 624 700 233 821 259 272 633 76 638 172 885 504 499 80 555 598 138 869 940 324 275 133 424 575 419 600 718 322 988 971 590 612 24 823 786 635 
95 771 64 85 296 949 942 795 381 497 745 519 366 685 843 641 818 619 568 238 571 286 912 560 610 502 172 986 326 310 621 773 82 685 211 378 986 153 525 367 650 270 239 369 307 434 362 126 54 931 716 625 569 980 537 179 483 62 165 161 372 139 286 806 176 849 184 515 2 61 882 5 683 473 374 991 908 88 469 314 19 537 291 589 517 181 120 352 243 638 865 615 777 504 422 953 353 958 468 708 20 703 713 55 528 439 46 788 527 867 454 547 404 746 488 274 927 608 978 522 246 196 489 375 700 263 
329 405 222 149 113 594 204 826 649 85 617 48 873 497 267 328 396 672 426 884 298 705 492 628 227 91 824 716 466 876 980 147 282 554 649 395 500 205 574 149 290 191 549 164 40 817 492 436 841 270 320 491 975 165 119 202 256 296 270 74 172 602 222 806 156 871 202 8 76 128 158 367 671 59 883 712 228 727 148 69 997 821 560 972 986 32 526 594 328 148 668 852 751 890 659 259 113 213 268 190 693 778 909 364 189 144 76 418 871 577 839 868 398 400 192 384 784 70 978 464 218 646 316 321 889 327 
581 2 540 201 544 233 331 453 950 520 949 26 290 820 955 130 40 353 882 232 89 666 654 67 130 873 66 798 194 955 126 127 957 18 680 502 604 11 307 554 884 257 932 174 429 888 656 470 593 538 54 683 556 709 102 686 934 168 837 128 475 963 608 433 333 288 287 937 652 946 843 888 555 128 414 337 368 71 807 961 961 213 644 518 274 747 556 208 267 393 689 743 708 297 528 42 937 167 331 941 465 175 829 21 303 596 358 671 667 517 984 980 730 981 498 357 80 55 565 347 800 254 90 509 903 970 
551 841 137 882 134 603 409 964 976 712 912 334 735 931 203 72 911 285 53 410 642 133 817 208 480 617 814 923 126 718 245 29 559 383 912 45 338 321 9 314 386 273 0 473 204 203 545 116 840 598 526 483 83 695 43 916 312 857 839 439 927 84 468 838 819 732 884 157 406 245 823 792 519 823 617 723 378 163 839 219 113 717 54 197 412 449 465 77 658 304 516 586 740 336 776 912 421 660 421 827 906 245 971 777 68 588 500 799 103 692 18 569 761 424 118 174 225 583 251 883 239 119 821 331 807 598 
243 580 258 665 407 516 262 730 293 330 671 146 481 774 838 851 695 599 275 813 125 500 396 728 736 987 199 557 319 359 155 562 939 414 579 699 282 841 429 576 524 452 722 5 579 912 857 274 863 484 88 341 337 836 69 73 824 621 630 143 980 138 57 919 904 989 618 186 182 400 762 58 852 836 416 431 748 625 706 964 109 146 305 798 982 726 871 158 347 854 653 327 992 63 599 896 404 217 82 586 969 197 997 822 33 413 253 134 38 311 98 499 457 755 298 792 481 521 950 181 727 604 860 71 19 459 
967 423 29 402 361 998 951 358 172 336 771 426 470 161 737 920 13 547 675 663 339 509 184 289 690 264 245 550 335 264 362 655 39 743 409 401 93 360 759 266 696 883 44 519 396 133 439 409 680 467 72 19 976 609 661 666 873 258 568 560 875 282 215 914 25 976 315 119 336 427 737 385 662 133 256 58 266 695 468 299 162 892 670 138 501 331 156 374 590 77 935 465 359 502 731 385 479 399 856 167 178 945 904 840 78 160 250 696 208 718 995 722 611 666 213 464 349 369 839 939 446 126 756 806 980 840 
543 811 239 751 331 417 696 235 257 774 748 859 822 308 578 818 30 541 484 243 5 833 965 196 125 411 674 233 569 655 73 464 818 664 215 149 81 263 737 690 389 485 550 212 793 480 30 175 373 866 419 378 51 384 927 528 147 601 114 69 608 187 533 427 204 101 576 285 716 313 328 106 150 878 670 295 710 52 471 83 270 242 813 321 626 740 202 773 694 316 194 302 855 80 729 59 181 658 345 249 323 25 707 826 903 377 121 965 781 944 48 51 186 861 725 164 954 927 290 648 243 484 950 450 564 32 
510 97 42 207 347 717 232 54 543 487 784 17 452 565 961 852 969 500 713 694 664 667 621 954 667 216 439 618 666 355 2 528 453 44 735 152 761 319 558 657 158 694 674 610 260 987 814 581 487 528 275 152 547 248 458 215 464 249 185 482 605 187 363 410 583 98 562 344 770 120 353 928 167 27 891 427 15 705 360 854 585 635 358 485 235 817 52 51 66 237 533 23 776 896 433 359 347 347 55 469 820 409 397 987 436 288 766 803 346 126 658 931 113 16 768 348 185 820 399 604 57 284 627 833 533 413 
544 880 760 600 349 932 361 98 919 149 739 37 953 85 163 963 368 276 331 137 976 517 957 375 121 367 660 100 200 545 865 97 777 978 697 478 910 58 576 182 207 315 219 512 752 383 475 473 11 807 610 988 676 919 715 149 286 727 249 839 272 115 936 49 93 985 527 355 395 456 537 954 123 757 467 876 140 294 349 503 453 311 491 129 582 207 278 869 286 880 708 559 347 996 960 792 981 488 147 728 296 685 682 419 442 149 647 934 796 348 437 249 659 929 731 242 488 361 463 774 593 523 685 940 519 646 
732 852 486 880 580 782 565 614 201 359 764 849 293 912 197 730 513 209 11 244 451 851 958 266 978 551 789 663 492 660 309 224 512 147 456 444 929 373 58 131 732 174 332 377 86 529 108 600 90 471 196 893 323 154 159 301 706 948 964 198 608 626 774 472 773 583 268 55 956 327 538 41 853 870 418 292 751 878 892 842 350 440 735 673 595 895 974 653 195 290 851 156 268 977 628 394 912 897 449 869 576 987 262 429 209 680 721 960 911 965 802 261 406 890 286 353 785 612 6 332 902 209 488 523 538 117 
917 451 366 718 672 294 705 934 75 266 966 797 226 877 114 381 138 872 271 424 577 408 36 583 740 291 144 229 166 683 698 83 134 64 153 806 710 858 92 785 476 58 582 702 936 49 83 426 921 354 203 851 114 591 434 855 234 579 84 400 614 782 835 748 198 988 906 908 198 998 693 674 56 628 377 344 29 812 123 302 519 678 153 633 621 588 488 856 519 924 608 133 58 444 233 256 784 139 516 983 137 562 9 545 542 386 890 571 551 365 873 70 43 27 703 664 967 544 872 486 468 481 971 527 277 204 
135 61 343 4 396 832 566 406 377 108 144 619 31 695 984 904 765 379 931 821 396 898 365 268 736 185 101 707 64 378 911 552 440 254 556 836 86 474 242 816 934 387 435 965 434 772 869 552 151 153 373 547 403 90 168 140 627 269 847 692 648 759 596 440 365 152 628 804 978 223 972 912 962 407 229 396 531 450 948 683 603 673 582 7 115 102 499 743 372 346 787 372 457 383 812 175 535 792 331 865 15 303 129 329 710 358 78 594 808 26 277 764 52 211 123 167 314 622 910 38 320 49 410 778 432 574 
305 319 718 636 184 86 939 313 415 1 23 493 595 832 872 224 948 924 436 71 443 102 45 706 140 365 755 902 495 188 828 800 507 546 436 44 632 727 709 400 729 733 893 324 917 117 549 865 41 337 288 837 439 333 543 931 50 298 185 546 838 13 698 698 911 487 94 544 214 803 944 943 536 189 268 453 307 169 670 700 506 958 537 297 643 432 228 694 83 765 592 921 130 290 971 41 129 65 937 344 869 233 287 405 423 907 211 82 76 881 134 582 192 672 879 835 456 459 881 539 576 473 461 706 116 432 
100 245 850 37 941 719 271 581 476 46 488 39 480 917 921 614 851 465 638 83 300 95 894 182 634 471 7 447 529 475 232 629 73 82 19 14 801 290 595 629 688 436 669 520 705 942 134 908 407 125 991 59 220 886 593 206 709 601 6 590 428 238 220 501 672 239 516 825 881 463 454 921 251 123 441 308 417 927 217 824 52 208 884 624 446 829 183 507 430 189 98 859 779 670 712 451 909 228 276 142 44 730 415 647 206 856 956 623 135 173 800 540 733 36 516 180 865 699 39 648 240 137 859 19 807 571 
470 68 152 746 562 196 829 977 195 387 185 151 362 321 676 514 861 410 550 377 942 416 429 981 416 669 471 275 689 630 846 511 699 998 610 613 546 439 591 742 178 776 245 540 97 922 407 310 684 957 40 978 725 469 959 141 138 782 416 179 413 615 691 464 613 301 77 512 92 668 606 270 797 851 162 894 125 569 557 809 879 597 787 604 66 99 746 556 233 514 736 646 129 779 462 95 80 540 607 172 560 213 794 357 416 308 604 542 878 161 703 109 758 843 713 176 294 811 84 527 326 820 526 807 951 988 
902 31 880 861 555 441 74 701 150 843 10 754 385 240 915 440 349 25 635 414 553 929 226 638 809 904 810 335 711 762 323 966 145 204 827 53 997 902 754 147 745 116 902 482 356 169 274 57 547 910 472 100 839 50 90 648 954 901 335 17 15 659 983 160 215 811 213 212 65 320 711 810 436 965 644 145 135 918 202 34 828 26 134 20 428 225 20 382 478 356 752 493 367 735 5 934 546 571 498 963 891 209 773 679 175 769 824 662 688 379 696 868 757 830 240 186 407 261 920 885 969 672 730 336 760 736 
622 658 659 120 622 550 329 747 581 856 517 406 518 557 137 214 777 894 397 18 432 156 631 353 394 600 377 124 288 137 212 910 796 871 30 770 773 711 517 355 568 386 113 86 295 250 653 73 496 402 91 929 558 74 634 952 26 11 429 314 501 641 576 649 865 958 419 990 21 288 697 589 675 810 28 970 412 33 395 261 435 838 190 993 912 176 946 938 187 727 604 40 720 532 689 585 490 460 928 864 749 625 453 776 788 833 746 552 866 142 813 301 980 355 647 245 531 945 183 71 672 140 111 392 672 153 
330 515 613 258 379 714 235 184 490 375 18 589 928 236 83 741 538 415 449 537 660 980 482 196 403 154 336 515 546 360 20 228 875 633 486 254 700 74 439 190 449 809 779 377 45 862 471 935 278 920 472 290 252 306 486 656 460 174 171 359 535 543 587 410 176 426 17 876 500 456 419 949 617 198 679 14 413 502 950 43 422 774 333 26 81 172 682 893 346 205 252 881 748 192 292 277 618 309 505 470 117 924 771 86 475 450 100 240 952 402 283 726 529 968 753 962 140 787 855 839 993 460 720 741 652 364 
370 622 673 876 92 142 152 863 228 627 666 681 867 970 83 502 697 612 823 802 574 315 589 782 154 934 242 875 28 246 239 398 220 265 626 312 759 779 527 340 406 193 21 626 164 456 480 213 421 303 367 347 619 308 129 773 243 723 0 623 321 592 21 541 209 648 853 968 779 733 660 185 926 681 163 442 490 644 655 911 947 374 258 566 683 388 692 926 463 692 901 785 284 922 326 493 922 532 814 701 265 474 239 543 508 402 986 350 46 993 261 346 368 519 912 51 259 604 329 75 649 230 860 933 504 186 
779 427 70 945 480 335 771 71 879 279 474 217 629 872 210 242 218 578 114 483 629 373 439 958 448 88 188 660 374 45 199 153 824 269 450 304 957 221 728 836 501 202 53 482 426 263 725 997 842 191 480 823 916 271 782 717 360 322 377 734 367 576 239 543 846 689 848 803 262 928 991 763 482 396 598 908 11 675 257 205 866 737 29 782 9 163 499 721 485 229 807 205 805 398 748 3 439 948 158 701 228 501 817 710 897 415 619 261 442 876 466 660 966 495 794 327 658 646 400 496 875 207 53 32 605 153 
388 396 454 546 97 682 400 914 393 649 681 364 910 123 592 377 783 558 872 578 237 883 224 637 731 451 196 784 483 153 289 871 549 743 770 647 778 522 913 171 171 595 887 82 70 479 811 206 38 35 136 627 918 360 265 649 163 461 785 646 615 75 870 516 170 992 163 948 514 429 471 685 376 358 119 446 838 930 652 228 318 788 207 588 500 472 238 663 286 375 662 253 802 532 769 325 524 285 273 390 66 97 427 442 807 899 888 997 181 893 577 499 33 785 88 534 609 678 549 895 53 211 500 208 95 270 
533 971 907 158 361 973 607 141 415 415 40 655 412 221 548 990 721 934 775 809 468 384 839 369 632 892 581 132 452 28 754 337 0 661 496 713 986 103 854 753 870 246 409 283 468 309 273 189 243 400 350 63 784 189 785 768 433 366 901 238 746 655 575 98 669 71 812 7 527 18 761 397 265 522 32 85 183 305 626 779 57 976 194 842 517 979 610 302 697 863 540 444 871 116 542 540 539 706 899 418 77 660 816 694 534 200 779 70 506 405 849 563 733 395 757 250 375 720 552 424 583 93 868 454 561 763 
346 100 821 246 519 898 258 687 592 145 887 371 215 745 128 416 661 861 811 770 111 538 490 16 963 426 109 183 232 22 946 931 122 120 529 993 18 139 680 963 284 920 686 851 665 815 267 326 28 431 449 140 969 939 508 284 717 969 468 302 991 766 233 113 886 762 107 257 253 139 572 538 59 258 389 725 425 9 403 454 440 852 946 761 144 454 398 213 423 866 515 414 984 100 879 223 214 986 480 468 478 52 6 537 662 747 614 88 756 370 894 548 574 840 310 70 294 708 284 69 926 151 483 910 252 362 
485 466 701 965 286 179 369 292 68 32 392 683 472 148 405 366 697 979 558 359 50 852 419 686 273 697 837 756 607 89 470 445 908 523 410 194 54 132 839 475 516 231 158 988 379 915 706 428 894 264 139 944 468 558 982 741 255 820 849 215 261 671 660 169 195 422 716 601 554 555 76 70 786 586 410 517 501 116 946 396 732 85 692 200 996 675 293 251 495 142 818 108 814 478 278 361 253 994 962 807 549 391 230 687 977 640 204 479 109 502 227 841 940 271 394 936 946 687 539 793 830 358 902 996 188 532 
357 441 878 671 601 427 62 831 466 392 823 22 223 932 525 450 126 817 721 872 105 20 559 644 165 741 354 419 737 895 303 446 688 181 470 289 960 884 120 426 276 296 449 499 580 326 301 706 143 375 578 248 747 490 244 264 583 951 36 673 846 339 119 534 873 941 176 833 826 296 612 454 944 413 306 525 739 959 583 234 334 514 834 433 4 78 698 587 29 86 260 227 777 732 114 650 25 290 836 851 938 448 658 883 213 964 408 952 923 343 538 610 857 372 43 213 450 93 153 832 179 413 411 957 497 525 
959 523 815 795 726 106 595 384 989 808 700 749 112 976 92 650 938 950 374 333 515 825 427 668 9 958 434 420 267 931 298 579 806 465 374 533 571 322 269 560 130 322 661 595 650 754 597 588 56 972 921 571 149 700 240 158 11 674 930 630 957 228 209 764 694 584 649 265 906 270 178 388 944 839 335 594 945 933 534 1 905 808 573 54 508 165 564 871 191 494 502 148 75 711 912 769 647 913 386 905 184 916 646 128 108 981 75 53 914 609 55 171 417 980 577 926 497 141 149 688 636 651 836 63 715 101 
832 714 14 570 972 550 839 618 31 947 951 106 0 218 715 407 389 133 739 967 411 588 460 560 276 96 564 465 159 631 566 343 697 932 266 669 835 457 639 866 404 591 972 756 161 687 516 902 172 607 869 583 196 682 496 472 130 412 289 642 43 855 337 740 140 603 410 327 412 401 193 168 992 517 925 153 556 793 408 729 400 629 664 596 311 160 421 442 572 710 84 967 918 421 708 58 377 470 737 789 871 930 958 216 799 235 721 355 28 129 436 428 759 101 377 70 613 798 864 538 508 948 505 426 722 565 
836 99 35 573 240 259 855 198 827 654 785 548 362 165 30 798 594 789 899 323 211 865 121 76 403 629 376 908 408 98 474 244 197 861 170 790 472 377 340 299 32 126 200 746 291 230 544 237 371 796 560 934 661 33 10 64 15 739 324 423 837 150 19 387 12 541 177 836 919 517 136 303 995 688 49 287 918 593 876 641 389 789 575 402 822 586 466 837 677 791 612 514 293 984 253 305 525 782 494 796 652 630 99 647 670 148 286 588 94 163 229 835 304 804 238 126 742 56 316 419 199 928 286 493 912 891 
798 790 674 644 586 326 626 686 973 296 186 612 884 280 127 465 116 431 622 706 557 716 762 873 488 962 154 126 455 66 17 605 856 691 250 795 369 876 481 343 173 667 955 409 300 82 875 416 865 849 122 422 565 236 648 405 198 802 531 653 220 549 259 429 592 861 224 962 737 705 305 910 724 612 672 24 46 899 792 911 748 266 685 665 503 333 71 701 487 602 355 708 503 966 137 96 827 361 58 916 418 715 179 142 327 851 519 725 102 311 988 850 578 25 867 81 359 290 782 198 893 489 906 748 807 395 
844 986 756 902 903 526 617 82 669 296 285 188 373 387 851 713 589 429 739 808 510 450 99 645 648 344 134 907 92 942 302 937 928 411 191 831 937 161 265 958 457 902 498 183 289 350 896 230 779 987 39 642 437 138 287 438 482 421 345 574 715 647 863 644 410 55 827 348 216 445 306 25 347 157 560 989 507 457 219 286 796 258 280 234 748 567 672 582 989 369 157 704 368 372 700 779 427 880 479 995 325 137 373 24 294 933 13 801 742 585 440 539 195 720 125 296 288 149 878 629 518 35 685 886 760 738 
17 539 618 496 535 295 634 908 671 928 193 37 82 288 622 522 827 169 594 304 465 234 453 344 863 323 731 901 209 491 639 579 31 609 75 918 904 709 178 575 990 371 964 72 659 586 946 838 108 892 142 573 127 947 269 342 270 1 595 480 844 234 411 875 195 486 145 451 548 323 379 538 47 343 962 58 930 260 897 38 152 391 963 631 339 233 326 609 586 921 441 430 508 852 658 703 339 803 155 239 127 534 129 526 877 91 584 159 351 481 549 855 873 865 839 564 98 165 173 36 86 967 466 946 819 124 
650 510 280 157 749 759 43 878 285 272 321 869 784 24 351 333 232 576 550 71 140 0 236 665 36 674 632 503 973 804 979 623 314 259 132 416 18 527 646 303 799 968 173 583 344 876 269 576 804 819 647 296 820 235 313 856 262 946 711 235 102 691 210 768 950 694 184 321 221 183 624 20 503 149 604 847 377 225 424 181 44 423 829 216 11 143 73 273 89 784 860 543 475 70 311 778 116 848 99 337 31 75 357 534 577 313 381 306 890 157 488 935 933 317 151 296 812 576 921 253 361 781 796 188 203 108 
318 319 956 769 656 987 197 365 873 126 31 606 432 921 116 920 208 49 590 360 697 754 288 618 8 1 399 804 542 954 912 860 625 220 982 633 207 179 998 432 305 381 39 89 303 155 362 511 556 952 223 253 58 512 871 66 513 622 871 407 576 135 268 553 356 602 186 915 781 536 348 438 918 387 527 221 542 241 84 98 545 308 351 604 172 574 670 37 196 541 445 124 677 713 677 33 667 863 300 800 399 648 238 317 35 117 890 929 359 975 27 256 635 730 860 807 304 531 844 852 72 641 976 101 706 653 
486 373 868 787 173 620 435 763 289 823 233 532 752 944 507 132 200 494 862 61 653 519 592 849 371 16 491 348 118 197 353 604 571 574 743 744 194 179 508 483 2 741 15 106 685 874 238 885 720 101 946 373 620 890 223 991 907 714 691 25 911 45 981 482 619 725 579 165 256 439 0 610 532 368 716 217 242 955 454 963 56 753 688 28 643 911 371 902 625 63 279 889 460 261 723 79 338 302 244 946 93 596 556 625 964 272 194 207 227 649 522 635 754 562 663 749 474 387 652 451 450 931 340 910 544 64 
341 882 718 937 828 812 533 384 789 498 9 984 57 588 985 931 224 739 493 239 488 967 626 140 419 76 424 111 338 968 527 679 203 598 968 31 410 502 768 551 352 129 535 409 717 520 340 941 611 833 533 100 153 159 592 924 588 16 35 278 337 563 310 540 161 278 571 923 132 691 826 484 820 362 893 538 234 585 831 846 771 364 298 924 876 890 848 464 259 235 742 948 150 52 488 663 683 411 938 815 103 765 300 275 479 545 165 713 483 997 559 254 713 209 530 589 100 730 53 711 965 148 659 468 552 499 
483 587 910 422 403 365 539 55 993 18 952 158 731 435 507 643 41 221 852 571 810 304 301 216 367 619 716 378 439 620 877 922 208 788 344 611 505 235 18 498 253 322 657 337 758 164 332 151 737 184 723 548 841 376 116 560 347 832 939 786 452 816 709 12 956 405 975 462 993 993 960 246 316 969 583 426 486 915 577 223 452 652 123 645 381 239 205 728 423 144 515 228 313 576 240 269 333 216 83 326 209 396 925 877 717 860 655 203 128 585 427 932 237 550 577 618 142 782 699 565 279 566 793 592 494 34 
213 827 602 649 506 163 45 783 41 762 643 48 966 771 633 745 55 223 647 632 193 789 767 892 707 398 810 852 342 304 238 555 132 840 204 990 4 601 773 397 716 768 445 34 892 431 779 947 654 778 932 199 920 699 444 627 97 254 479 439 559 718 346 691 910 903 33 914 504 158 311 220 926 109 254 818 540 385 118 546 164 50 745 84 749 189 63 198 444 894 989 3 964 687 46 875 590 431 141 447 589 805 19 515 914 626 686 454 11 804 352 527 854 97 963 955 639 26 505 435 273 494 790 237 181 188 
464 124 619 606 571 560 411 942 75 325 568 113 131 932 917 835 459 123 932 775 78 923 153 583 358 426 429 500 16 963 688 480 87 659 86 10 219 849 952 647 526 521 760 657 453 30 844 264 153 129 39 584 52 193 167 763 971 949 263 987 912 304 468 999 963 906 361 183 756 313 182 282 186 942 292 991 324 136 256 478 265 647 62 670 192 581 433 164 530 48 503 442 352 323 793 668 230 154 203 338 820 385 972 358 679 616 350 4 105 958 834 722 605 248 392 150 829 177 666 712 226 169 506 930 845 300 
598 427 806 801 765 978 538 89 337 218 706 687 574 163 645 408 885 602 656 278 104 837 455 770 901 33 292 408 964 489 60 914 916 866 68 33 197 606 122 534 176 180 221 750 343 218 510 581 172 518 859 629 356 666 751 257 700 43 665 16 532 77 930 800 944 998 833 141 605 308 27 781 840 600 884 536 170 394 117 342 913 976 323 621 994 75 230 694 470 248 62 355 325 993 155 621 343 989 762 948 649 141 82 489 741 318 25 911 712 142 606 977 470 929 950 465 4 181 511 475 429 574 830 106 919 337 
728 262 678 842 563 327 984 645 817 725 315 842 637 379 337 595 357 807 524 659 624 881 840 488 708 621 62 890 728 333 227 808 595 906 650 158 233 986 155 50 64 470 245 53 202 582 648 559 741 172 570 718 405 763 206 113 384 268 3 464 601 583 624 548 489 627 707 74 613 214 477 677 37 74 730 239 8 378 150 749 903 720 467 660 483 673 774 220 293 129 36 246 712 661 795 553 288 854 628 901 420 457 931 457 531 661 48 539 392 198 640 647 271 108 659 754 133 433 326 779 915 363 377 979 24 524 
533 312 730 513 565 151 322 496 960 853 510 9 392 254 207 384 253 478 844 912 585 978 698 911 109 613 274 486 592 650 11 477 314 741 990 880 244 312 728 205 517 238 214 261 844 773 646 97 604 490 10 189 820 708 452 281 673 79 768 265 729 131 95 44 224 437 276 821 102 4 26 619 243 592 881 439 365 879 537 969 721 899 510 894 959 963 175 632 42 295 249 771 778 344 167 3 782 443 824 884 448 202 855 43 794 88 482 159 967 371 481 41 270 991 935 229 954 110 861 348 406 463 472 184 807 639 
539 941 435 715 825 883 917 681 278 63 121 112 575 89 484 56 482 754 47 417 336 354 527 549 702 285 12 174 822 172 166 713 113 601 429 291 836 698 324 114 762 445 226 337 886 710 745 368 817 792 785 153 498 665 54 201 302 67 727 124 239 893 838 704 846 619 995 682 317 671 796 431 117 23 120 3 85 865 724 902 10 861 407 860 526 462 61 829 881 141 953 472 386 143 176 233 762 524 267 432 195 64 215 664 439 688 668 876 905 744 131 915 605 538 776 132 352 189 313 233 682 618 57 69 762 234 
654 876 110 921 660 305 337 876 322 128 564 342 5 821 86 488 89 691 26 217 175 731 406 840 316 441 459 374 862 573 960 516 449 70 789 462 727 479 338 49 607 254 391 964 427 829 452 516 521 831 733 48 914 492 889 230 933 348 604 795 273 916 663 722 986 804 536 66 283 874 467 243 480 211 559 908 40 12 776 913 195 510 314 109 2 203 339 935 903 296 82 176 212 97 250 551 901 787 969 185 13 436 780 846 647 339 106 40 703 882 953 898 744 267 359 746 822 699 33 77 347 115 253 559 212 856 
462 466 995 431 3 360 868 783 206 867 474 664 907 178 899 213 76 643 832 788 390 655 487 423 732 834 891 338 745 455 546 560 921 541 991 924 901 211 59 460 431 534 124 690 712 375 903 140 19 88 928 409 95 767 184 179 953 427 517 51 883 415 611 156 308 602 433 210 166 492 22 597 26 498 287 90 874 543 583 893 631 511 654 726 631 838 905 584 618 775 635 501 190 246 9 499 201 442 61 367 287 435 964 313 933 603 756 807 146 339 52 777 202 706 855 833 897 113 418 515 888 405 368 430 4 377 
281 205 172 694 924 459 129 240 124 415 843 880 222 990 571 627 119 774 685 327 959 582 440 377 449 680 135 169 110 139 899 744 344 71 438 268 530 920 508 6 335 703 239 909 45 810 536 165 584 574 844 544 156 284 273 958 964 760 127 426 899 26 522 595 449 961 215 331 233 75 338 568 779 577 829 824 739 718 341 676 292 537 572 800 821 845 758 137 606 238 564 857 616 86 453 418 399 668 749 984 96 439 552 875 368 734 51 108 452 745 784 744 282 356 544 456 553 655 593 511 893 509 369 861 948 174 
279 699 194 29 684 290 820 588 517 189 322 921 297 774 666 433 870 300 141 415 756 694 70 702 558 315 211 279 176 511 453 808 211 999 837 247 642 9 835 159 198 510 432 847 636 450 632 507 751 773 274 859 820 696 561 378 11 773 657 539 284 462 347 847 461 536 94 455 546 282 967 96 792 399 944 428 850 576 287 953 702 561 812 522 257 374 900 268 499 909 160 135 723 507 983 184 44 429 992 942 711 959 38 503 358 334 932 560 263 219 513 965 133 678 839 390 52 739 11 551 0 171 38 723 678 21 
259 74 451 251 368 162 210 759 18 921 93 302 481 708 873 347 673 6 25 512 397 77 603 408 980 955 579 18 678 609 392 290 36 195 541 404 709 104 515 727 25 609 381 858 317 255 205 343 261 582 207 10 659 163 770 991 118 701 362 149 311 106 439 699 653 980 455 362 84 971 442 461 932 823 320 601 430 877 296 692 460 504 54 471 19 825 815 137 526 177 638 189 635 77 888 288 410 696 2 846 667 796 308 599 620 980 552 402 857 849 446 669 705 501 141 724 326 956 213 204 485 852 394 120 281 282 
760 691 978 114 538 997 911 198 948 883 178 501 285 387 350 732 57 407 233 198 131 911 506 696 115 991 900 509 463 182 144 575 873 474 689 763 824 600 961 772 483 491 625 769 879 327 853 288 734 438 838 865 349 344 914 816 687 814 678 502 996 822 77 222 648 118 985 472 719 299 597 554 142 222 675 21 902 528 661 636 966 499 854 667 195 768 484 234 582 162 736 931 336 165 153 336 284 490 161 355 141 110 261 284 332 937 657 586 817 319 223 136 170 77 803 366 197 639 600 131 153 689 62 841 854 567 
178 490 410 339 845 551 449 107 187 133 396 845 72 213 516 295 349 686 724 505 52 273 144 5 404 298 694 819 139 548 738 669 39 148 8 236 52 809 695 239 295 91 436 367 657 952 14 358 639 738 863 43 363 8 48 767 658 742 938 797 643 677 819 34 177 827 622 229 989 318 821 636 761 257 355 770 210 721 129 849 811 992 892 174 352 293 941 10 35 232 160 30 909 979 64 86 158 39 668 499 709 841 487 470 98 194 593 308 915 722 509 726 66 754 900 771 47 194 781 82 426 293 465 687 624 881 
125 783 920 793 634 629 634 122 452 85 316 45 745 232 119 255 310 537 9 211 308 56 757 442 490 183 735 307 222 360 189 347 495 109 493 129 91 479 603 543 564 272 940 310 504 59 565 166 948 926 377 609 334 486 51 176 21 138 484 243 850 673 591 697 134 84 179 225 563 782 768 480 54 708 790 910 119 707 77 420 633 806 29 319 293 80 495 666 570 979 910 421 4 853 118 139 289 649 716 204 432 837 684 486 897 826 749 17 533 826 789 518 984 818 837 629 250 685 296 820 664 206 593 21 411 64 
512 700 713 228 904 497 65 941 336 315 767 85 684 301 263 473 171 599 291 9 229 893 46 525 65 710 83 659 83 494 75 947 546 140 176 802 638 593 743 974 908 863 411 592 516 674 417 687 273 60 48 854 953 94 379 19 157 814 30 240 660 105 188 206 597 716 361 235 661 104 561 922 967 972 866 483 998 284 523 624 344 571 478 650 666 210 669 823 24 51 415 37 508 955 595 105 23 956 341 37 61 254 959 380 227 177 216 225 813 739 849 510 310 328 160 328 890 181 503 914 232 271 303 740 226 899 
845 602 855 538 639 268 793 598 1 20 127 217 597 941 308 799 451 970 127 611 299 369 144 154 283 376 425 939 116 4 838 961 606 693 852 245 314 645 195 315 17 322 532 614 615 840 413 66 810 892 29 461 613 173 616 249 549 41 188 17 45 26 331 651 71 183 248 385 180 443 700 197 118 584 163 733 776 929 152 939 173 181 400 787 707 368 36 608 410 224 626 807 602 309 811 673 492 59 411 24 855 463 221 973 48 736 58 176 17 210 115 191 744 868 330 451 236 718 59 998 294 37 806 896 346 969 
921 190 28 684 214 883 148 787 208 548 524 267 724 893 477 192 84 221 60 766 24 648 484 436 647 778 825 805 674 172 774 948 714 802 632 929 38 780 68 598 680 944 865 757 838 695 949 274 268 361 41 293 9 525 81 656 304 906 461 330 430 235 630 145 390 263 426 780 395 494 378 76 439 244 833 629 291 134 903 559 495 944 204 856 470 285 513 126 192 326 808 622 914 439 767 656 54 193 436 801 40 814 877 831 410 62 460 701 196 363 261 43 308 465 900 130 751 765 608 943 443 768 917 357 559 685 
13 613 230 801 415 622 616 644 453 26 59 913 728 607 629 989 651 937 806 551 419 909 668 27 852 111 147 122 469 707 807 834 672 389 636 439 12 604 436 817 630 495 83 358 102 712 699 753 649 858 656 420 767 324 799 972 436 946 94 257 653 253 443 326 994 431 117 358 35 553 176 666 48 259 376 151 971 428 256 972 286 265 392 405 589 191 377 377 137 471 986 143 76 782 821 71 213 938 429 249 492 605 267 540 216 643 43 187 423 652 511 61 917 903 467 858 446 844 588 936 668 574 79 744 356 900 
815 922 190 597 171 682 202 438 575 771 433 970 958 857 622 822 270 891 725 737 750 524 934 690 460 954 616 891 698 973 143 866 247 333 815 418 16 17 208 943 788 641 913 99 850 888 921 473 779 998 210 881 874 144 571 334 98 188 577 149 513 720 367 760 406 182 530 774 551 738 717 692 731 982 143 934 870 64 407 2 414 617 883 289 114 807 975 564 995 905 65 508 625 784 620 31 966 150 157 518 888 874 562 971 857 705 905 79 121 664 81 535 634 317 176 100 124 152 664 119 409 82 979 34 866 599 
418 185 101 575 703 341 802 617 312 11 322 570 442 443 234 524 330 220 193 507 320 317 11 337 788 420 419 767 806 637 718 576 822 171 504 877 512 306 494 176 669 168 746 111 611 333 987 942 553 180 801 226 849 812 563 637 584 334 756 390 971 826 319 146 997 823 23 509 481 518 686 150 686 784 613 650 469 601 944 375 133 745 601 335 909 516 972 845 850 81 587 173 907 906 319 905 729 695 766 210 565 804 712 603 941 326 253 410 279 549 137 764 646 90 99 907 606 424 752 808 505 692 334 412 598 5 
669 680 700 436 890 617 592 603 221 533 281 826 296 560 376 433 676 22 524 776 282 482 552 34 643 57 726 977 821 677 334 843 357 35 279 599 4 223 554 225 757 835 52 53 747 428 486 424 802 362 552 84 845 104 471 488 513 549 817 686 226 151 529 583 538 160 535 543 384 89 120 141 277 172 194 24 952 32 800 107 395 352 191 592 456 662 432 321 564 601 8 790 752 537 726 643 698 261 538 82 702 658 575 979 183 769 4 135 153 804 242 548 157 786 492 965 800 924 287 364 525 647 507 630 184 233 
625 882 846 163 316 548 173 891 528 356 12 884 844 166 688 438 66 197 224 559 515 377 483 154 741 361 801 248 991 985 833 616 220 679 131 536 580 656 780 108 13 792 992 209 958 32 647 25 230 224 584 745 601 419 251 694 780 52 295 123 37 128 91 257 160 222 146 740 879 926 848 244 718 192 805 29 224 804 406 806 380 342 903 981 761 154 28 894 206 323 369 244 803 461 853 963 35 999 703 266 277 903 862 348 95 667 377 672 472 135 478 852 477 382 186 590 536 566 836 95 889 206 691 44 19 544 
8 54 896 63 321 173 967 535 873 414 203 602 86 27 737 917 231 214 651 769 157 539 335 993 634 576 199 325 621 218 870 981 625 118 44 298 643 363 833 517 130 36 119 568 415 209 485 647 775 136 416 932 28 104 926 662 680 477 988 653 48 210 634 673 680 31 971 323 746 804 840 876 193 312 797 960 521 282 607 296 771 376 581 799 832 507 813 864 336 801 518 384 363 504 57 43 887 380 367 634 185 559 862 730 223 659 690 96 294 650 745 417 378 326 568 210 185 381 74 521 535 944 258 898 449 315 
294 688 48 661 322 585 572 537 315 148 548 357 244 842 7 989 611 737 667 179 299 204 561 726 726 96 670 336 346 471 3 640 160 51 653 834 636 226 371 951 726 920 661 970 114 20 312 726 758 331 905 409 536 818 135 614 914 158 950 261 629 953 253 789 5 907 976 993 485 347 297 211 619 958 533 734 978 845 812 88 529 69 498 65 240 985 31 154 143 981 767 773 286 21 914 643 280 890 637 765 590 934 976 561 892 509 647 222 707 459 663 236 881 513 653 121 498 684 627 642 17 747 767 303 120 33 
947 400 276 584 165 866 870 141 779 114 2 427 336 709 886 999 945 119 864 950 240 363 634 868 357 651 615 124 955 735 509 254 135 785 190 652 3 60 145 783 174 147 210 862 857 448 214 154 568 78 105 808 441 91 28 150 743 643 274 50 730 784 304 217 921 494 869 925 906 14 60 80 514 270 294 723 70 508 877 638 587 334 799 380 426 827 531 521 823 157 571 905 293 875 123 215 721 344 492 979 711 552 59 225 174 353 948 244 214 177 235 801 864 34 181 290 213 64 163 36 222 734 294 515 961 417 
82 34 113 574 13 176 478 424 753 652 777 53 249 343 231 484 144 447 870 678 89 83 742 252 472 316 986 766 184 947 535 266 981 0 841 346 177 319 770 930 324 547 984 573 891 567 409 387 14 279 417 103 714 512 355 186 828 341 304 12 640 839 279 973 840 472 319 369 143 89 299 467 988 283 392 231 850 801 971 864 432 388 319 147 900 674 685 81 367 990 93 359 181 724 332 373 548 3 742 692 444 42 511 785 325 256 368 528 409 339 744 842 80 64 341 980 90 26 413 458 368 859 817 550 935 502 
923 484 857 666 176 302 60 39 87 737 295 455 265 705 147 362 547 227 426 240 559 868 266 973 326 987 832 496 537 767 350 812 603 207 830 131 861 890 171 300 628 466 108 245 523 255 607 70 834 385 662 393 254 281 718 932 268 902 428 157 22 130 969 625 690 800 757 551 42 280 204 670 746 312 916 270 919 875 692 753 261 707 498 515 988 569 447 256 471 228 765 493 358 734 471 48 886 580 952 281 860 156 951 606 468 219 228 739 95 273 844 356 980 694 223 320 263 670 928 735 898 693 580 609 779 51 
657 18 631 609 299 843 765 250 450 585 822 30 676 917 655 520 625 987 215 848 307 478 870 235 565 121 928 146 730 60 549 739 78 533 349 377 376 466 979 178 404 801 561 80 70 216 953 695 204 168 895 863 998 766 99 564 239 379 710 969 439 611 708 869 144 409 246 521 228 226 51 984 379 612 64 450 829 17 497 385 537 745 248 536 863 699 452 102 431 514 71 222 125 131 92 270 541 690 143 121 916 194 105 648 807 169 98 988 539 947 725 428 692 973 316 555 25 768 9 456 282 80 30 408 212 122 
30 105 165 525 226 81 71 331 729 230 852 179 218 743 479 943 172 171 269 840 79 646 609 88 454 243 521 484 651 85 959 33 190 124 910 768 557 982 451 639 212 303 818 783 399 297 78 571 821 699 763 252 345 372 692 799 616 213 284 619 298 595 5 840 719 915 960 276 249 411 915 814 67 86 949 466 735 379 389 908 79 152 160 424 877 853 576 845 418 212 464 717 807 821 909 526 89 222 154 338 633 422 504 52 508 453 518 595 833 259 504 264 764 664 40 641 869 616 486 288 828 302 357 635 124 266 
513 213 488 668 903 474 90 408 526 950 213 397 545 398 8 49 14 772 714 55 765 935 671 251 223 852 906 580 487 30 199 353 595 687 21 850 513 463 610 392 413 176 141 958 574 149 8 941 274 74 996 39 9 19 643 585 871 549 165 711 931 364 64 878 404 85 728 917 900 339 661 313 515 802 271 441 952 631 382 578 57 730 617 419 750 260 4 973 161 521 684 92 886 100 970 642 185 51 911 85 390 573 750 257 375 374 50 679 5 433 257 415 515 227 834 617 487 190 591 649 711 627 93 949 728 416 
591 265 467 503 703 857 428 453 466 155 827 516 187 185 301 796 600 817 23 786 434 863 976 377 512 39 5 957 989 85 373 932 350 840 787 53 49 215 507 867 723 686 384 910 223 685 706 823 854 730 961 641 593 289 18 457 329 375 766 670 460 140 954 811 332 742 216 382 309 75 249 32 762 985 294 985 23 353 161 877 83 474 870 28 764 889 837 445 616 603 467 429 95 421 240 428 515 808 162 177 884 763 209 646 749 856 983 124 209 496 1 644 323 872 24 439 113 861 884 81 816 703 510 912 124 102 
340 992 911 854 169 795 617 730 793 718 586 128 842 147 625 196 791 300 68 815 739 533 28 623 614 845 326 125 757 802 227 449 146 138 303 315 285 272 46 78 991 984 207 185 132 184 381 923 484 801 91 223 334 119 198 301 964 876 426 721 30 5 170 177 496 825 492 781 98 890 860 89 875 67 274 7 603 656 282 87 809 373 662 144 493 860 445 457 88 223 531 118 228 701 295 724 879 140 506 977 30 718 418 905 137 692 264 740 700 547 179 510 920 841 6 413 53 803 223 141 26 754 259 606 807 907 
331 686 47 189 663 77 907 81 335 396 126 599 136 178 146 667 40 419 860 398 832 913 201 55 406 227 161 17 186 969 924 517 655 971 58 671 401 317 104 736 713 230 687 201 761 186 868 801 605 728 200 437 993 753 845 399 981 6 416 167 975 693 36 983 664 446 654 417 115 758 505 828 341 193 381 454 379 601 255 336 681 807 773 674 561 970 425 894 329 841 413 656 886 801 639 551 599 645 320 714 756 178 894 449 371 275 903 102 876 510 438 557 670 563 583 583 886 8 477 215 201 242 871 88 395 863 
991 994 860 663 708 616 841 602 417 564 229 320 666 457 831 456 14 501 372 949 84 258 309 913 825 510 507 48 950 902 263 293 248 124 957 308 92 798 262 510 363 491 182 381 948 365 190 314 866 914 615 302 524 924 567 349 786 74 749 737 328 13 30 928 489 987 236 933 138 498 795 853 341 978 234 641 343 776 307 562 690 922 216 214 846 784 915 633 210 665 370 891 30 752 819 519 92 408 452 230 258 248 435 600 578 21 593 921 798 901 835 488 823 52 55 670 188 970 655 750 635 377 641 665 129 813 
536 221 221 989 803 479 589 590 431 167 612 25 440 410 926 628 250 749 32 305 771 220 276 426 322 263 803 964 929 285 777 465 506 998 806 662 829 747 604 261 914 216 638 707 626 564 335 877 665 719 534 437 939 810 215 261 426 19 577 355 304 354 172 162 704 331 176 886 78 781 499 345 349 137 404 976 53 91 205 718 810 739 507 101 902 75 362 328 446 292 35 750 998 559 264 55 242 793 941 673 926 440 18 275 929 774 603 982 865 808 52 675 900 560 776 154 987 490 834 433 782 869 183 781 780 799 
836 23 944 129 696 870 569 66 498 498 840 101 832 705 262 884 732 514 796 508 668 783 998 854 216 133 723 751 914 855 551 102 230 495 231 278 718 152 696 568 2 888 669 834 593 283 718 677 797 515 185 817 650 536 671 867 669 746 618 935 954 521 37 184 369 620 463 87 772 511 655 126 400 676 960 345 960 30 23 109 897 208 927 548 96 950 415 765 697 385 700 651 907 89 187 276 709 2 715 833 514 722 959 914 398 271 259 710 302 634 172 551 195 451 99 291 401 866 57 450 252 109 453 511 551 641 
787 260 995 854 446 509 576 757 775 326 29 387 389 683 21 561 234 216 12 686 860 765 552 269 216 156 378 21 667 281 662 806 894 658 660 340 519 588 97 647 915 478 34 304 161 407 865 748 624 229 434 484 994 338 753 562 847 483 584 866 765 598 673 659 608 685 351 128 274 800 775 541 279 161 845 792 568 62 892 544 643 326 28 637 17 133 200 864 969 136 730 86 734 755 97 343 793 448 823 419 600 950 960 879 111 157 24 679 571 916 224 214 595 604 851 612 90 403 828 411 891 558 497 626 666 946 
969 459 746 144 878 346 94 838 578 205 347 954 236 918 870 460 132 817 417 335 429 507 91 609 918 982 168 767 608 186 713 929 645 811 73 875 157 519 65 735 724 412 689 961 682 912 773 166 729 190 501 511 49 944 120 319 927 640 86 887 178 151 169 175 962 594 50 472 114 467 559 190 879 601 151 913 513 277 79 594 467 933 457 869 877 930 188 156 922 275 396 101 778 565 276 93 511 327 565 977 146 124 168 378 725 671 291 590 948 371 537 768 656 346 637 533 276 177 42 199 452 438 300 583 355 928 
676 866 607 593 196 754 717 364 132 795 35 423 737 336 146 626 104 802 973 93 688 249 270 730 800 75 520 452 10 875 381 686 93 988 631 289 94 348 653 226 495 41 2 585 377 148 211 833 303 184 278 991 786 548 721 938 975 241 391 985 468 124 23 561 464 654 203 559 355 208 785 202 249 139 787 978 288 351 811 943 887 89 934 673 990 655 964 965 248 355 303 716 479 326 629 943 333 184 854 688 393 992 242 642 131 30 621 771 381 784 714 268 874 648 294 864 655 258 181 255 965 484 323 796 163 953 
91 848 137 946 888 882 938 130 877 421 160 498 193 893 634 907 162 508 908 808 724 915 66 258 171 383 94 494 179 257 799 270 105 289 568 993 171 506 124 48 928 636 898 473 530 533 732 44 393 640 204 470 556 622 728 727 5 822 573 184 432 373 806 889 14 375 235 537 233 711 586 513 347 836 986 229 721 719 625 115 359 829 937 267 451 17 346 456 839 920 992 623 645 799 513 11 526 748 548 759 811 486 273 158 323 611 740 44 330 365 511 42 547 448 661 998 465 8 807 657 280 799 280 277 950 145 
288 828 245 836 588 56 323 213 567 998 176 307 42 859 24 906 901 923 706 914 922 524 274 81 181 554 232 813 831 183 311 471 363 556 660 951 965 983 516 532 333 693 191 727 552 567 633 805 491 340 719 765 216 346 846 749 900 78 562 84 613 225 555 977 782 215 280 99 550 149 631 235 842 174 963 746 93 948 551 584 640 622 701 856 968 547 605 221 978 520 305 943 745 212 272 879 780 905 978 682 54 961 918 248 487 233 994 581 181 897 165 822 871 219 30 192 766 636 413 96 156 70 392 901 634 16 
781 414 921 111 449 327 73 719 575 560 952 569 141 485 818 659 659 690 878 690 882 996 326 647 445 834 717 189 735 703 205 868 118 127 980 919 454 405 638 382 317 942 303 459 779 122 470 439 164 700 129 46 48 807 45 493 641 114 682 376 817 240 597 287 367 929 206 173 334 196 555 651 490 211 462 270 333 284 709 497 984 190 895 33 997 940 878 638 54 913 14 223 153 963 511 872 892 717 397 226 266 305 230 756 516 44 26 849 329 87 698 313 277 945 698 274 885 929 912 291 842 279 514 347 242 377 
219 135 95 968 713 361 273 295 469 141 340 496 342 21 583 40 334 861 985 385 135 222 314 400 865 508 679 732 855 273 109 426 408 556 746 474 269 20 121 739 513 813 235 856 834 170 896 521 383 234 906 871 808 572 271 674 80 950 406 287 223 515 65 984 72 811 810 341 183 283 80 697 97 667 553 931 190 801 452 573 387 358 444 196 282 715 222 714 17 628 1 593 495 418 929 919 582 91 613 765 374 45 814 471 713 719 403 255 873 855 828 612 566 625 808 848 692 382 563 62 362 916 655 858 687 936 
