LINHAS = 64
COLUNAS = 64
927 649 886 285 503 20 602 43 647 701 474 109 329 117 54 125 291 655 18 676 967 970 279 387 523 191 104 929 765 596 411 44 598 298 681 453 318 283 496 317 337 323 427 18 440 481 143 731 488 161 759 807 483 38 546 7 229 651 936 346 599 347 390 197 
997 71 2 668 707 851 337 44 174 116 62 614 949 557 698 438 718 457 597 554 496 144 561 77 795 849 776 394 548 166 944 898 590 298 918 649 149 255 693 323 724 107 938 673 664 636 463 734 445 61 288 293 205 201 371 352 50 147 746 951 665 42 201 607 
341 119 256 490 726 949 166 450 408 104 476 72 92 939 807 889 0 95 183 557 297 906 909 699 53 8 2 70 50 203 678 743 674 286 234 753 588 752 555 996 856 31 69 300 971 228 541 323 675 724 233 972 630 142 24 35 150 378 458 553 582 488 296 608 
774 530 361 362 282 917 711 490 948 132 142 271 360 684 947 35 760 180 360 391 674 736 778 825 114 236 378 48 724 674 657 499 557 370 213 191 287 924 34 588 56 528 211 768 212 510 804 325 42 516 716 717 252 846 894 718 83 624 767 807 650 776 658 207 
498 872 751 786 148 137 726 205 665 289 973 230 800 129 555 194 645 623 911 249 469 157 968 552 781 87 712 432 863 370 991 361 594 94 499 95 231 577 652 897 867 625 127 19 107 34 213 104 657 477 354 126 634 674 31 768 761 95 200 976 817 543 337 412 
638 189 507 869 118 159 118 985 136 597 356 595 631 922 700 288 751 406 767 385 80 798 153 841 893 705 817 710 601 506 474 239 695 333 460 166 844 579 503 333 176 860 928 808 134 980 448 885 386 215 622 466 365 776 659 610 833 476 673 434 983 499 25 30 
833 486 196 29 417 700 714 945 912 995 105 46 975 554 283 714 769 905 532 487 33 192 97 867 668 122 653 3 622 679 34 807 517 582 836 286 634 551 231 546 898 337 944 873 891 227 939 12 133 472 851 518 664 949 385 684 71 391 688 45 422 74 852 291 
8 689 577 643 592 808 541 490 497 838 715 740 417 655 753 550 127 956 69 143 905 806 827 329 549 867 374 971 293 227 262 302 268 839 945 860 0 838 702 497 676 417 238 94 424 343 996 551 299 417 46 557 576 226 238 125 93 964 97 387 543 711 689 811 
551 986 23 903 176 77 752 853 495 342 299 919 37 295 823 689 65 221 246 641 447 836 766 541 800 215 280 696 927 321 507 830 659 883 733 835 960 837 40 807 180 339 79 217 987 902 906 52 475 504 45 923 340 163 816 493 379 448 541 658 769 48 488 428 
283 573 615 596 410 656 403 590 347 482 160 686 736 66 90 212 571 135 487 263 651 303 108 30 751 649 40 872 50 880 652 685 453 267 281 215 275 37 158 623 519 318 309 608 736 752 172 659 887 659 275 538 962 383 920 713 385 960 585 787 192 237 472 997 
856 106 213 132 143 723 107 14 393 768 622 129 520 794 141 760 453 416 650 767 151 571 832 888 883 769 675 76 358 500 425 215 606 638 699 101 713 806 115 106 926 90 236 799 236 729 559 690 145 561 809 296 132 642 185 368 411 212 796 770 64 221 985 670 
212 36 123 925 194 239 32 120 681 620 271 917 349 830 959 846 392 769 142 876 411 679 596 822 244 744 592 308 318 929 331 530 965 806 455 511 45 839 632 78 811 903 996 160 86 955 6 830 724 501 58 135 532 655 310 128 751 254 789 69 536 120 599 853 
278 407 365 676 598 349 754 410 604 750 922 690 58 281 872 782 134 931 270 18 938 932 147 41 186 936 111 74 408 62 928 686 469 645 362 420 994 469 830 598 219 752 289 277 385 513 412 519 796 34 538 86 966 685 128 504 973 239 579 733 301 859 771 123 
504 134 543 498 603 725 96 174 477 737 804 863 603 216 734 399 602 272 486 568 309 614 424 282 205 3 367 858 214 139 333 718 273 876 568 228 601 17 754 431 106 558 646 709 126 380 109 728 5 947 648 314 913 73 949 118 428 316 328 643 455 662 713 80 
890 282 660 492 651 415 275 757 325 273 467 804 5 928 532 10 875 533 677 788 606 978 258 34 294 586 29 102 600 743 534 491 377 195 335 28 962 962 785 639 235 604 443 240 532 976 603 407 509 632 547 467 610 157 501 256 96 883 358 696 626 893 539 355 
440 874 735 402 836 520 41 423 477 485 16 9 813 971 769 674 603 668 493 213 826 346 469 922 229 180 970 855 425 510 562 865 384 297 267 573 170 660 996 647 497 364 8 662 335 129 688 938 798 181 503 976 528 325 250 109 857 220 317 282 730 879 147 467 
177 766 392 347 778 740 346 276 105 706 290 440 836 979 731 986 512 586 962 40 263 564 150 120 784 467 402 867 698 901 334 875 667 78 574 446 818 272 74 923 979 364 364 815 695 447 153 208 33 467 600 297 31 750 769 815 569 172 34 620 425 720 495 93 
798 422 891 617 694 965 540 673 681 256 840 377 55 993 585 441 460 185 90 843 288 859 11 209 383 45 829 809 766 677 902 916 99 145 533 145 110 426 171 143 34 11 520 442 357 105 883 817 643 973 13 931 832 24 492 216 69 322 25 187 999 279 104 450 
424 989 947 886 767 118 29 802 130 550 596 487 7 479 656 650 452 669 933 284 45 426 852 115 748 229 654 99 508 758 901 284 100 848 170 867 967 552 21 449 102 617 288 461 96 296 464 900 318 397 537 363 175 389 830 275 971 485 374 479 595 627 116 695 
828 286 915 147 838 936 596 292 906 236 106 354 884 570 607 202 319 144 918 495 885 748 770 856 233 497 688 829 476 804 876 304 442 791 451 633 80 399 277 338 987 383 692 872 305 299 74 625 795 992 472 681 93 242 889 326 91 577 507 568 733 384 872 176 
175 676 161 255 75 438 593 63 174 638 935 479 289 361 456 85 706 928 118 799 523 7 477 614 937 985 534 22 721 407 550 896 83 711 504 510 150 449 925 324 87 860 155 729 574 612 814 632 892 932 783 415 291 260 382 580 597 916 603 318 675 153 567 110 
217 71 621 367 520 898 43 960 759 550 689 685 514 855 317 407 139 452 174 430 64 556 11 662 825 966 332 500 119 899 963 336 970 584 55 843 482 450 155 593 1 196 630 867 51 299 274 190 751 449 972 816 5 335 830 182 301 162 683 773 62 646 461 384 
582 869 579 416 319 86 362 672 282 344 540 333 644 166 875 747 615 848 563 973 535 745 155 837 908 190 962 322 188 423 58 122 292 638 539 964 724 253 988 359 597 880 692 593 47 920 341 14 768 256 987 655 2 495 492 262 37 454 584 226 230 994 348 874 
632 239 838 709 492 179 68 442 59 112 35 458 32 728 473 152 337 812 808 691 659 652 953 697 459 889 923 689 883 271 563 868 863 754 577 355 933 997 149 344 109 537 803 494 265 276 646 602 440 806 293 100 459 598 797 270 487 720 959 371 343 874 239 206 
628 168 914 913 165 63 258 626 952 413 472 218 41 471 172 481 277 818 933 88 416 730 358 256 802 669 979 498 544 570 56 524 738 970 790 255 386 400 233 338 813 706 908 206 177 433 687 806 251 973 895 19 703 605 275 858 275 606 356 171 176 764 695 266 
87 485 521 473 237 107 163 50 813 424 256 342 857 296 148 108 269 395 479 324 1 107 182 628 713 890 799 890 655 846 156 742 684 30 567 921 137 82 324 302 506 580 644 363 228 144 823 849 540 655 174 541 762 708 521 475 951 320 717 958 518 226 52 202 
608 971 124 745 53 800 399 912 380 43 275 961 187 451 810 79 106 336 972 868 397 493 695 700 165 765 658 684 991 62 238 599 33 714 696 86 514 95 350 247 490 626 208 29 429 370 109 535 707 81 755 456 927 802 156 92 567 166 128 910 228 367 509 261 
81 557 699 596 652 50 843 494 28 51 876 457 421 985 344 480 418 451 288 697 605 444 790 173 610 918 83 838 285 945 451 719 502 503 315 507 553 158 353 933 561 229 390 334 566 86 815 337 889 455 34 494 900 176 19 862 95 455 53 732 400 504 451 254 
7 118 113 912 276 467 845 837 696 587 172 263 673 339 600 914 794 986 409 46 163 428 909 610 883 314 694 635 818 498 890 178 616 3 90 893 822 288 82 519 875 606 134 901 945 86 815 92 72 576 138 587 5 399 197 240 713 892 876 884 390 118 414 358 
473 856 251 296 144 686 815 372 292 301 625 590 387 440 682 811 369 172 399 726 924 596 966 989 840 194 873 582 664 287 941 138 496 544 434 640 230 601 364 875 254 989 465 641 782 499 804 151 671 203 877 947 152 195 937 992 742 162 575 406 802 868 544 298 
412 330 290 643 283 655 870 537 644 335 530 426 834 335 929 857 890 158 157 42 354 94 387 96 608 314 854 410 182 751 60 594 81 351 589 717 358 459 254 2 146 137 781 980 472 62 190 362 221 347 405 927 793 144 375 401 458 229 164 640 980 224 586 414 
927 528 131 285 339 737 640 486 874 421 818 346 835 8 61 56 707 818 983 500 962 358 902 420 940 66 412 920 642 998 334 570 526 817 855 866 555 495 704 429 268 522 128 104 883 189 160 590 359 496 91 321 206 345 93 146 411 505 419 53 855 753 623 382 
571 831 600 478 326 656 907 595 178 35 51 61 576 563 652 935 59 95 608 266 440 701 764 203 206 183 256 414 289 232 148 212 415 748 690 741 404 949 688 934 337 739 996 913 655 0 201 714 95 809 332 887 511 449 90 69 632 698 483 921 282 631 485 697 
731 175 791 487 125 831 422 814 571 770 727 578 122 928 292 217 90 977 456 601 426 546 22 58 244 858 332 527 489 169 576 573 345 367 60 822 199 834 636 122 956 715 700 78 996 344 647 86 321 103 687 747 649 61 158 246 919 842 773 761 11 349 334 708 
69 746 882 268 933 870 390 889 938 442 320 934 786 967 20 108 423 59 207 72 120 717 318 392 559 443 153 923 145 839 983 214 937 866 482 222 88 224 464 26 666 784 960 452 103 332 560 526 391 768 599 864 485 269 256 397 713 761 672 858 952 655 424 241 
873 906 464 962 130 928 988 796 64 301 248 167 633 161 694 377 281 645 241 118 914 849 867 979 610 539 189 914 195 613 155 68 871 619 30 1 899 371 149 963 672 750 131 657 263 825 34 544 822 627 14 736 476 882 68 438 421 609 352 616 575 508 685 446 
479 67 800 379 438 301 342 462 51 473 472 666 650 858 562 472 838 577 561 314 459 981 105 232 590 809 849 165 317 886 964 149 305 116 528 744 417 870 558 821 696 382 487 346 241 50 171 79 979 732 745 790 713 202 22 655 12 223 173 681 109 137 830 415 
253 358 511 22 229 421 843 277 156 683 623 397 85 794 828 64 878 925 854 591 128 228 599 140 452 772 821 913 909 652 328 514 362 191 536 943 965 732 220 121 415 844 870 500 990 50 916 869 975 122 812 455 350 411 947 802 183 121 716 444 125 396 310 487 
940 199 431 905 931 651 26 698 847 248 550 190 298 818 59 625 940 871 81 290 635 380 445 818 501 513 615 978 909 925 466 849 124 249 754 407 252 132 457 452 380 7 642 678 825 701 656 117 924 737 760 911 469 205 730 971 718 697 301 979 622 767 829 99 
368 935 858 973 420 316 425 800 675 419 831 853 472 839 970 748 576 730 660 397 287 742 368 5 439 670 985 61 789 166 512 510 453 371 835 873 687 612 26 362 31 209 215 503 48 186 603 976 268 263 373 556 5 94 913 444 116 898 858 257 416 370 767 870 
741 954 743 428 566 769 143 597 330 358 452 378 896 56 354 517 671 80 73 677 174 338 473 290 589 331 547 5 702 667 875 795 621 971 576 188 92 719 137 423 429 942 153 678 350 508 195 21 588 620 50 114 310 524 404 899 855 303 905 909 322 132 705 944 
455 281 484 548 352 621 323 133 563 476 811 913 336 358 287 276 330 337 390 641 861 146 540 69 802 797 330 124 930 35 420 385 668 904 285 372 878 960 506 441 437 317 707 125 28 346 402 358 683 144 999 897 291 540 966 93 337 296 569 619 684 990 357 704 
894 994 77 772 955 935 566 392 604 625 517 632 971 271 991 654 416 342 551 707 234 869 152 572 166 73 543 202 63 900 906 958 895 335 82 850 622 648 594 227 625 463 211 596 735 554 251 503 897 154 562 131 24 66 55 542 139 599 744 203 499 2 513 746 
690 595 596 312 596 542 539 221 358 751 818 445 305 421 948 554 575 510 686 951 928 741 493 67 692 589 270 544 944 783 290 634 731 239 946 327 781 486 548 491 589 718 936 894 139 236 449 67 98 487 370 26 580 216 94 273 805 716 817 101 852 459 735 583 
698 682 262 832 520 162 323 109 881 260 355 372 848 804 439 947 643 162 973 224 378 67 849 535 136 18 637 988 477 372 923 176 54 185 360 574 347 683 35 580 295 391 953 144 195 744 91 191 906 416 767 284 484 616 820 620 634 457 960 463 181 883 991 236 
420 351 162 767 387 198 700 682 589 653 178 136 397 621 679 656 38 446 292 874 62 112 846 48 921 806 864 455 41 855 43 461 207 205 580 594 755 280 628 696 285 159 185 35 780 864 691 170 663 983 44 77 448 242 126 721 48 990 176 441 197 219 254 404 
777 835 998 884 467 979 581 105 138 118 140 270 982 183 441 645 166 837 723 966 80 201 40 480 543 216 922 740 788 176 497 565 363 847 801 183 826 382 288 964 500 428 587 835 963 28 832 129 865 907 448 297 460 488 778 3 56 700 96 844 228 593 761 944 
440 563 479 619 297 767 935 150 547 522 337 510 902 169 991 120 77 791 417 889 279 195 893 336 247 341 532 828 286 294 124 78 209 603 697 506 370 985 656 269 507 993 131 762 515 122 882 944 914 299 833 545 495 78 881 94 771 766 922 57 60 46 136 269 
1 185 127 371 170 136 992 30 481 123 792 996 598 674 292 864 325 126 409 172 556 643 267 328 409 541 385 821 940 873 442 941 59 569 665 581 57 657 963 539 133 107 887 83 133 180 947 459 658 356 631 214 351 250 542 112 144 280 933 436 153 727 377 564 
649 394 498 706 404 461 597 537 921 485 620 54 17 919 513 675 627 497 241 979 99 136 443 595 416 729 31 921 456 761 486 457 155 336 164 911 149 113 448 70 950 420 125 967 339 990 994 967 839 588 298 939 724 93 886 140 822 918 413 631 31 899 88 186 
587 604 98 737 718 898 807 668 671 284 988 362 275 334 681 466 922 979 757 998 73 644 490 247 562 904 878 593 155 967 131 743 571 581 480 641 832 639 310 503 924 650 865 551 336 547 17 611 878 775 609 303 419 452 551 333 356 429 278 511 748 409 606 320 
343 86 961 175 726 623 678 650 273 895 201 610 442 218 573 321 345 182 624 764 634 527 97 342 957 375 206 705 137 812 377 832 899 691 7 977 314 37 979 940 932 532 902 375 102 475 48 448 9 24 212 644 552 662 338 861 37 544 918 526 357 296 358 608 
987 717 585 653 754 564 593 687 96 847 414 198 322 462 998 684 838 211 328 390 873 18 251 262 563 170 789 272 818 499 880 157 217 465 810 323 381 756 10 829 603 776 379 278 590 378 962 429 941 642 819 814 660 423 76 575 593 217 847 763 69 727 920 638 
544 82 961 277 838 324 106 794 100 838 72 691 216 386 472 157 380 291 323 40 66 751 968 11 969 815 774 38 543 694 676 439 777 989 717 967 313 823 761 766 661 185 809 229 571 281 738 951 924 61 344 991 813 312 2 134 127 777 524 22 823 552 814 952 
541 531 272 855 706 33 973 720 571 782 949 142 63 40 446 987 101 142 330 266 454 333 400 933 462 924 308 637 476 122 942 370 5 214 577 711 599 550 431 170 332 733 665 747 773 463 86 226 605 417 493 411 102 893 344 916 170 4 553 998 478 847 368 483 
413 297 195 13 847 978 535 531 711 200 278 836 663 717 63 620 486 556 31 588 801 376 504 323 732 409 322 211 257 42 46 22 340 241 35 539 572 923 423 283 475 701 472 139 770 535 111 256 443 143 196 596 871 700 920 603 462 594 166 71 988 213 93 680 
806 481 220 378 404 643 14 879 696 486 370 819 21 482 75 464 977 272 412 848 324 332 803 786 278 970 209 267 535 303 947 341 136 519 720 540 514 86 771 563 572 142 382 945 976 809 761 953 81 173 153 758 506 956 896 784 278 106 403 813 761 351 507 897 
222 579 437 737 665 208 652 237 702 34 182 678 843 943 983 277 116 136 35 974 93 283 111 723 389 514 537 150 217 44 47 792 975 836 881 640 45 533 877 99 567 411 778 762 706 113 391 174 250 778 501 695 62 612 418 451 478 307 954 696 703 1 840 678 
190 721 318 235 254 547 686 173 310 464 287 16 578 679 543 180 457 44 875 871 656 293 323 134 601 629 182 304 982 374 335 172 95 653 759 701 553 446 874 863 262 162 232 192 193 775 372 650 819 599 874 827 893 549 961 846 178 496 502 160 870 189 685 318 
843 444 19 748 242 894 611 505 408 195 49 953 970 422 603 789 21 829 968 266 378 930 464 556 778 319 69 0 508 754 318 703 550 690 451 793 936 415 650 344 610 699 297 581 473 252 722 847 82 691 465 460 973 930 369 103 601 438 455 461 192 774 165 94 
816 968 887 752 383 889 96 994 589 745 927 62 349 1 909 783 44 727 596 369 9 965 824 610 755 280 71 299 406 588 393 222 557 633 974 940 522 422 286 111 519 565 526 220 919 787 4 963 514 952 685 523 917 509 485 24 141 557 323 547 145 716 121 702 
701 95 995 224 869 281 687 388 199 213 609 118 353 965 81 867 917 118 743 834 980 228 210 121 137 533 21 635 601 142 689 303 590 684 527 459 318 566 200 517 780 809 635 133 774 68 352 691 187 95 877 519 676 87 640 813 972 13 448 573 156 490 876 98 
174 755 909 844 674 109 361 454 918 348 939 44 417 643 87 956 91 316 475 767 755 467 932 727 481 733 301 989 223 529 87 749 637 996 594 311 458 955 117 728 304 408 773 73 51 212 29 142 529 504 261 284 323 546 364 804 279 665 793 854 546 232 603 535 
581 197 198 39 505 315 767 161 723 892 234 127 105 615 621 986 471 883 270 794 429 634 599 60 651 744 914 550 329 869 85 262 419 636 301 924 951 420 437 27 313 23 506 770 638 127 756 461 10 378 255 791 365 206 851 368 303 117 918 632 987 356 894 758 
