LINHAS = 64
COLUNAS = 64
226 658 138 670 406 455 598 613 595 427 639 495 981 318 506 257 849 566 927 272 952 852 342 857 122 96 850 313 624 536 599 850 195 90 520 953 897 470 566 844 897 557 339 231 875 197 488 724 764 767 996 68 620 338 925 94 434 776 759 410 312 358 260 859 
800 132 813 697 603 731 542 852 641 233 83 516 431 923 241 547 43 589 615 663 280 541 109 66 669 868 477 333 578 89 545 379 222 358 428 177 441 970 29 82 204 465 951 987 388 544 534 431 133 149 446 413 42 907 480 63 127 309 749 58 750 294 437 972 
4 865 501 797 188 531 232 744 348 183 731 736 727 617 520 860 766 318 626 161 578 458 224 705 119 325 763 869 971 552 194 975 770 695 125 958 578 357 702 926 540 785 663 267 402 535 479 520 205 457 33 783 915 610 489 34 935 604 904 907 157 98 234 927 
793 359 237 724 716 291 650 608 428 665 227 182 200 707 702 406 164 736 541 432 698 30 466 633 635 722 892 144 172 127 423 318 486 660 42 555 303 692 163 731 358 391 913 910 450 967 668 966 55 210 398 753 592 217 387 579 291 631 723 464 758 498 782 597 
510 176 504 813 868 667 896 578 410 161 841 212 129 509 179 536 71 929 290 16 498 29 595 790 660 671 606 771 169 740 368 680 916 872 845 136 891 94 67 654 255 908 866 384 769 397 921 841 679 563 857 177 592 804 319 604 475 925 375 997 17 743 29 933 
967 874 422 859 968 489 865 576 397 83 960 166 481 233 359 512 148 568 689 740 373 361 697 200 638 72 197 656 168 226 941 135 453 363 346 773 204 211 349 601 295 662 120 128 247 831 640 396 400 681 488 125 42 185 325 681 258 875 689 426 101 630 913 906 
346 260 32 550 471 381 504 118 395 976 246 643 807 886 391 559 568 879 684 962 417 362 995 27 237 684 453 338 667 366 597 365 978 629 915 802 362 771 920 758 747 519 753 907 757 496 466 677 727 503 640 144 865 987 171 102 672 976 792 691 695 389 56 673 
370 323 475 85 95 748 195 194 619 948 101 376 796 920 54 523 423 46 20 640 33 191 742 57 520 886 748 215 628 804 240 998 128 68 83 575 816 278 769 435 578 223 163 726 495 569 250 918 615 270 910 1 813 652 58 333 538 159 900 518 963 141 517 443 
209 952 18 377 583 140 812 513 715 327 240 210 897 490 480 512 112 390 865 277 394 924 611 284 83 863 803 398 4 672 194 565 624 212 942 559 704 106 73 771 434 313 981 331 155 813 195 267 203 61 544 949 337 507 234 772 723 389 522 727 61 716 645 37 
281 587 597 337 46 22 109 480 335 90 163 490 256 358 109 811 771 5 761 460 865 347 584 588 736 107 667 149 823 312 186 456 252 135 794 298 157 903 130 844 345 293 686 601 3 795 413 127 153 526 587 18 873 172 606 961 631 273 110 806 586 648 263 190 
136 57 488 645 312 618 490 657 263 528 611 266 324 376 393 477 902 333 847 127 505 453 88 488 78 550 294 664 550 557 854 38 966 694 684 630 312 526 640 575 54 251 194 730 627 939 559 881 272 406 8 129 211 448 617 290 350 912 306 252 821 161 291 140 
207 327 770 872 205 410 799 259 13 993 342 640 933 901 521 205 660 881 687 871 329 304 161 31 568 468 284 742 981 927 882 188 254 652 60 459 415 212 70 428 205 412 421 490 666 294 696 678 176 383 549 857 39 63 889 608 883 525 350 864 452 584 404 706 
588 817 517 3 29 939 784 586 352 205 77 370 499 773 48 27 508 949 885 899 12 126 859 895 651 561 111 455 145 516 513 734 685 30 89 714 969 873 652 673 430 729 43 282 854 443 309 714 393 546 614 757 672 473 653 675 35 764 130 532 632 995 618 669 
25 708 383 347 933 388 372 364 117 768 646 972 211 307 686 956 854 652 714 878 126 367 554 513 483 36 397 116 32 16 785 409 76 521 108 9 261 481 373 378 249 371 350 460 679 389 417 885 41 483 763 519 850 669 384 333 58 134 801 442 150 939 851 226 
812 312 235 425 793 961 803 42 684 506 854 715 247 623 600 288 106 716 160 308 737 896 994 795 30 147 237 180 438 441 758 602 753 346 27 898 659 831 292 343 689 498 411 936 474 363 576 580 79 736 241 817 633 235 964 663 734 202 196 173 995 954 775 100 
652 155 350 311 338 642 7 27 140 418 315 614 781 891 547 213 628 140 382 613 375 346 628 109 900 824 634 247 131 762 347 783 917 697 447 255 691 454 634 184 872 949 798 5 840 697 570 820 837 304 785 564 651 414 26 903 590 660 151 73 422 850 209 691 
900 656 298 943 110 932 127 334 881 278 691 74 975 262 246 165 566 32 729 569 798 755 825 388 768 976 462 542 178 23 234 430 679 532 374 789 465 501 475 698 131 166 124 107 780 371 624 699 755 353 620 553 461 445 293 229 773 755 771 304 130 357 734 809 
890 460 950 707 314 425 405 445 944 882 904 76 605 528 775 360 882 748 913 695 193 206 276 319 314 399 623 444 757 709 254 647 170 556 706 484 334 463 281 278 345 186 706 950 714 834 310 596 582 575 643 127 782 919 446 448 319 69 892 76 779 498 75 301 
407 781 785 741 244 418 371 942 604 77 892 319 911 555 915 493 130 911 621 264 830 67 64 149 489 309 225 620 159 652 921 566 433 58 307 30 476 678 972 81 756 216 400 667 771 667 513 254 578 134 870 409 553 935 910 394 244 488 14 403 140 935 322 926 
345 629 956 822 660 280 255 768 496 655 787 620 674 300 226 605 786 96 366 692 383 276 86 979 764 101 383 257 388 705 183 86 686 139 260 698 771 515 466 267 522 254 239 196 554 465 153 341 562 519 385 297 148 471 277 912 924 12 521 665 69 704 751 755 
195 11 454 966 878 920 586 400 526 825 948 81 291 102 774 205 621 159 502 769 982 779 34 907 791 555 924 860 612 27 968 159 38 774 126 268 46 64 668 573 889 616 6 532 70 780 737 692 291 592 813 625 371 199 884 515 107 808 727 71 835 47 230 225 
821 708 493 220 772 513 793 14 130 799 546 200 931 284 244 574 228 410 199 599 961 84 466 68 244 546 139 432 593 722 657 767 430 503 987 555 16 780 569 498 931 115 51 214 751 647 140 979 57 691 931 371 775 749 791 372 295 283 804 241 5 813 8 435 
316 995 342 333 127 911 183 58 379 234 624 130 882 764 462 291 455 745 662 583 494 454 955 142 737 111 383 94 924 391 529 241 386 224 926 513 135 109 923 514 696 899 997 578 663 459 221 470 204 884 53 50 690 360 192 779 823 575 873 748 966 754 341 704 
978 619 569 114 80 844 980 776 743 977 706 406 788 928 229 344 164 634 395 854 347 587 633 170 515 506 270 833 260 611 538 591 230 459 705 311 304 37 439 399 367 146 158 155 74 387 500 238 21 247 444 368 186 77 891 701 935 161 535 547 773 425 138 355 
236 195 18 540 585 458 940 952 956 98 107 30 837 959 620 858 206 416 579 393 493 470 446 780 631 333 679 756 758 170 464 347 717 482 887 302 292 179 254 248 629 714 630 466 673 602 677 232 18 608 977 863 78 423 995 61 109 27 818 867 197 282 566 914 
116 454 569 761 985 823 361 967 537 344 785 563 946 462 795 317 70 124 532 500 547 528 562 656 555 732 876 104 366 794 370 834 600 939 595 586 763 957 905 652 301 690 567 599 505 362 916 575 838 801 428 738 329 342 746 236 426 974 340 144 769 710 978 369 
2 926 955 765 883 860 769 536 903 337 487 408 51 756 335 890 557 763 628 238 457 374 474 883 701 166 379 470 228 358 839 230 284 147 347 519 359 117 55 262 806 542 670 209 298 6 451 855 121 431 445 931 158 919 166 859 437 546 329 666 904 168 248 540 
315 596 59 675 65 466 289 223 360 960 432 659 318 236 866 791 667 312 722 177 583 241 36 21 787 717 39 43 886 287 583 553 883 994 580 300 460 870 523 820 182 308 831 500 544 50 643 563 714 718 741 297 959 129 670 746 847 61 789 85 349 724 990 584 
718 571 237 530 793 760 350 975 420 534 475 316 584 118 880 650 188 973 299 147 454 970 893 301 31 34 738 732 758 81 669 828 652 906 358 445 18 61 772 439 595 247 755 531 717 635 181 906 960 480 405 415 802 299 68 186 685 159 270 796 240 939 624 244 
845 335 41 864 396 813 303 343 412 410 226 481 398 759 739 358 591 145 125 394 796 194 932 481 705 202 629 945 142 254 541 339 941 582 555 689 395 858 384 159 621 610 640 19 369 380 377 960 525 855 706 321 401 638 154 106 841 784 51 335 390 944 674 331 
526 230 372 273 440 756 432 413 366 72 432 87 804 162 399 329 17 106 2 418 96 157 524 289 293 927 624 683 871 651 366 749 233 738 22 25 494 806 439 212 230 871 651 35 385 50 716 402 156 719 172 253 228 696 894 521 975 519 204 198 522 570 947 755 
660 321 132 154 127 923 718 358 147 369 393 532 419 109 935 928 180 459 533 760 156 427 281 483 946 837 682 820 759 981 927 419 303 60 573 430 983 643 788 130 12 533 15 432 995 302 712 175 761 245 936 917 672 569 753 971 407 435 791 166 416 71 586 71 
131 511 502 466 507 642 949 519 176 964 303 171 266 15 698 27 612 986 297 285 556 50 608 963 837 751 481 605 822 419 677 953 931 531 772 438 173 721 309 701 685 613 224 951 980 923 978 593 909 275 230 465 677 190 780 514 941 262 120 764 33 797 69 964 
680 193 754 853 914 416 555 599 381 779 902 713 54 881 306 316 508 888 781 186 78 914 700 372 528 172 488 561 321 909 878 1 103 984 855 17 400 762 969 781 893 871 495 300 104 153 616 613 394 397 799 824 663 851 196 191 24 684 753 697 946 631 699 49 
615 906 418 368 20 387 501 913 611 348 213 715 502 829 328 248 579 479 72 594 683 269 786 59 305 539 756 251 522 455 300 489 713 71 857 733 458 711 647 69 59 212 785 913 394 465 161 325 297 234 919 980 855 705 39 160 596 795 764 470 603 416 960 668 
487 169 402 946 880 401 367 292 613 504 205 359 970 367 684 619 953 956 599 808 661 990 320 610 785 84 80 740 853 392 409 340 914 811 638 146 564 358 438 529 862 996 889 184 363 925 803 668 881 754 476 895 744 148 505 882 585 937 622 438 682 383 130 948 
546 769 94 110 479 885 640 341 881 881 878 596 806 681 264 40 788 92 935 532 240 792 414 177 729 389 615 763 772 98 711 671 219 806 781 698 691 773 391 924 6 269 520 813 303 136 853 91 580 140 623 820 932 38 350 661 427 317 425 551 415 136 222 634 
294 356 332 337 129 724 613 136 345 485 301 648 621 506 91 201 646 715 374 930 105 724 943 884 41 720 787 457 209 10 443 503 366 128 193 847 204 806 335 549 292 636 550 265 494 641 467 492 708 193 422 813 917 366 49 310 86 837 119 295 847 563 151 565 
43 344 412 247 502 100 796 794 88 346 60 583 988 879 75 696 72 498 862 341 216 911 3 654 100 123 302 947 38 453 864 81 149 629 328 3 729 476 150 817 175 210 400 515 441 828 563 865 678 425 206 894 689 209 900 789 684 202 89 74 7 953 507 508 
582 835 512 663 664 662 481 839 224 233 354 665 61 917 530 91 695 88 337 384 649 238 525 686 440 614 760 800 920 268 308 854 455 172 518 471 834 351 310 58 584 16 75 998 934 957 89 981 45 427 365 47 17 890 733 809 857 845 609 777 113 270 983 921 
442 501 392 277 852 55 687 789 71 115 787 357 72 228 338 118 7 55 165 24 298 250 186 155 95 795 284 561 417 267 482 860 121 226 489 325 633 176 114 57 291 253 766 364 482 105 834 841 512 351 866 810 953 404 317 48 551 953 609 969 573 443 829 694 
22 318 371 7 846 486 64 490 739 831 206 573 288 392 415 800 95 633 963 48 37 280 96 588 586 58 557 159 853 738 205 227 56 576 235 255 414 299 97 154 130 303 727 770 695 142 571 790 775 886 190 812 166 286 401 104 696 310 615 550 49 820 777 457 
749 364 64 163 664 161 317 146 464 397 917 511 891 840 653 667 726 843 831 244 482 584 701 530 247 316 432 296 137 562 753 238 926 818 401 590 331 71 89 796 468 6 659 711 198 665 730 276 508 914 872 342 498 573 873 97 890 657 393 379 219 499 617 146 
669 18 88 0 441 177 148 261 535 160 973 733 825 703 361 685 617 234 28 468 807 253 565 697 910 959 76 130 810 693 628 831 64 716 831 505 894 332 767 429 492 92 515 317 795 228 354 765 462 734 233 270 987 798 319 250 109 748 732 271 793 360 102 857 
428 286 715 322 618 834 104 462 926 971 779 73 199 485 838 14 220 423 636 559 222 307 809 683 55 893 307 849 605 409 58 34 695 125 708 665 959 164 127 237 487 258 311 39 744 149 53 964 573 41 875 147 348 37 182 404 930 841 605 888 251 663 274 298 
789 982 316 100 499 443 338 338 54 649 377 798 150 782 114 75 823 341 574 172 378 109 928 661 950 533 549 553 548 823 204 337 157 520 438 656 315 128 995 721 129 724 871 631 507 985 59 682 679 633 206 57 94 134 718 397 667 267 950 216 442 506 905 600 
378 695 608 46 823 955 767 304 680 639 936 539 976 995 221 655 980 428 713 75 562 783 824 582 403 126 150 845 633 55 445 363 103 406 409 278 361 177 583 41 816 519 932 792 866 506 448 846 934 513 273 848 296 97 782 699 224 932 897 209 340 694 572 795 
100 982 73 462 511 656 855 327 527 140 471 393 646 919 240 580 784 865 780 433 315 915 484 539 847 381 100 539 76 24 334 528 6 408 342 517 416 198 196 944 690 668 337 336 939 929 268 724 147 48 509 462 315 993 353 515 727 805 54 155 829 741 683 188 
501 26 705 917 576 254 213 266 922 903 602 213 832 870 937 331 270 798 793 586 792 498 101 871 303 507 26 133 248 61 321 101 87 378 19 15 632 232 281 906 135 235 120 320 457 409 651 80 208 797 18 352 295 471 223 599 978 601 84 579 662 405 32 102 
783 51 117 768 636 751 674 771 986 794 443 796 204 447 876 764 244 894 116 891 717 691 842 695 292 926 626 954 683 659 56 819 62 526 587 698 277 261 822 615 408 265 411 612 712 287 376 308 533 844 200 250 535 394 298 827 321 276 133 356 287 542 175 350 
68 762 400 697 376 222 312 784 840 724 748 552 11 124 213 897 320 765 147 855 159 445 34 832 722 167 189 361 709 364 711 129 479 112 826 855 686 139 991 526 215 739 431 226 215 996 123 535 761 623 742 920 420 776 105 142 943 294 504 5 10 567 486 841 
31 313 48 70 804 39 596 19 130 379 597 345 375 73 232 488 48 974 761 468 750 866 611 46 512 467 51 522 386 537 364 770 202 764 840 358 804 788 729 934 520 679 632 895 752 864 736 800 191 497 268 941 363 231 339 875 50 390 749 789 280 465 559 834 
230 399 545 386 539 274 320 59 953 304 307 57 521 43 209 712 540 830 5 255 413 345 482 464 87 583 605 719 401 164 554 631 915 99 369 806 725 41 866 31 346 173 88 867 216 650 579 108 480 936 715 893 281 197 709 721 780 314 440 181 830 346 164 97 
797 533 904 523 575 770 554 273 295 994 140 863 644 71 971 124 7 686 18 641 235 79 714 367 394 154 901 576 501 65 674 298 951 578 173 878 700 727 151 995 74 643 858 718 714 181 843 73 219 213 66 454 644 780 173 390 287 74 967 788 140 641 438 443 
571 964 321 623 43 824 970 117 467 828 836 533 361 31 606 580 596 25 386 240 805 559 631 92 634 950 232 126 943 23 921 866 987 594 489 30 418 459 500 885 639 336 770 0 719 376 932 315 753 318 907 911 229 890 355 863 840 588 341 783 963 262 649 302 
856 490 684 626 949 184 863 940 872 633 940 591 362 872 258 115 542 166 26 772 408 382 987 249 322 681 384 637 295 386 939 504 876 623 130 178 808 994 118 680 979 411 624 341 635 882 809 178 400 835 302 809 569 641 410 891 674 794 528 970 532 467 474 761 
443 604 939 603 950 409 635 930 820 259 623 456 494 432 986 894 268 640 55 837 281 465 81 956 612 961 926 144 781 752 905 224 356 196 179 659 606 814 589 426 426 212 234 920 645 220 166 265 860 222 454 494 39 535 802 651 497 80 148 278 832 405 854 540 
602 33 199 560 199 140 986 625 705 573 897 702 145 64 967 358 638 773 852 677 309 6 681 158 86 829 788 918 234 994 810 836 379 10 396 578 502 735 204 207 660 453 909 805 517 228 163 507 2 367 185 663 373 218 173 459 47 961 729 281 307 540 470 686 
902 218 264 404 305 820 612 965 274 873 123 791 102 286 651 104 6 188 119 379 406 292 839 453 253 920 86 912 460 908 598 362 479 862 767 784 683 731 102 957 604 225 100 706 863 103 162 869 291 633 249 697 925 440 150 530 712 589 442 173 497 40 887 976 
903 6 113 938 737 215 247 694 792 699 752 655 803 267 877 94 900 126 792 826 918 294 356 630 883 151 155 733 191 395 709 446 401 174 736 491 389 983 537 181 35 289 189 190 908 66 284 809 544 428 987 814 75 695 444 958 846 952 43 390 347 105 836 100 
279 573 943 669 908 480 202 295 122 391 485 30 809 122 191 353 550 178 167 625 874 964 936 72 268 331 462 967 436 299 67 716 224 363 737 484 843 939 132 317 683 617 700 492 739 891 198 642 422 365 619 648 681 555 720 949 239 183 916 675 834 336 743 410 
699 480 246 894 772 378 564 455 996 264 299 87 507 497 729 929 215 349 577 248 256 650 550 495 833 818 523 19 154 266 429 205 747 27 452 871 406 16 678 754 632 977 193 139 827 923 69 394 624 998 994 232 648 544 728 833 363 603 852 869 869 633 75 968 
661 527 839 419 895 517 525 527 495 718 666 674 641 87 420 617 86 414 850 86 959 930 920 322 533 124 191 754 758 618 723 771 497 562 190 392 80 715 271 927 785 938 953 779 377 373 396 463 787 598 902 746 880 822 420 413 946 964 520 56 582 243 827 432 
805 369 824 237 436 96 516 222 386 469 1 763 842 749 579 630 348 481 728 228 655 149 994 953 113 514 10 47 109 189 479 914 559 656 504 347 104 20 921 490 490 922 605 332 24 184 314 372 17 43 952 24 192 298 978 657 812 988 56 921 177 536 188 88 
