LINHAS = 32
COLUNAS = 32
7923250 7261218 10085837 8154214 7534822 8420959 8412911 6819812 7938912 8687580 8081391 8735728 8848769 7373354 7160085 7647381 6936174 10072500 7264251 7745375 8306973 9971591 6561206 8802919 6702337 9288568 8605898 8599898 9039857 9294220 10174208 8751368 
7296660 6919674 11284440 10106288 8761977 7752805 9705333 6908925 8112646 10875655 7159789 8732723 9022167 7530825 7451054 9461741 7054314 10113971 7197254 7996699 8807796 8443330 7073574 9275998 8027833 9362528 8103516 8754566 9330934 9109047 11035466 9527999 
6652537 8862486 11679671 11164616 8202236 8067449 8843606 7805864 8567002 10614662 7478913 9089883 8794829 8354167 8421725 8845899 8658280 12062541 7948442 9189035 8402094 9226909 7636459 10704276 8360706 10486548 9205931 9987181 9661034 9515176 10347484 10364553 
7127724 7181002 10371698 9095797 7606206 8869856 9005915 7184069 8781805 10975948 7598823 8696913 9472287 7982416 8087583 8162250 7455804 11100428 8103288 8144666 8781506 9144228 7572693 10573377 9250143 9779018 8599405 9653360 8629342 8871072 11261786 9319568 
6807746 6671105 10723070 9157353 7242636 7704861 8850198 6649843 8200777 9357241 6968037 8490577 7998036 7689698 6817068 7881946 7596005 10274628 6725241 7248224 7666937 7978883 6961448 9039587 7599811 9014206 7474772 8516239 9250908 9206782 9276149 8787883 
7577035 7824244 11167758 10382238 8883091 8865615 9102116 6795799 8823211 10523100 8057390 8653144 9754023 7681402 7964634 9027258 7926751 10377727 7985574 7998301 9117030 9735822 7201607 10515113 8533273 10633795 8949638 9669743 8804888 9567734 11590131 9818221 
7120531 6656636 10503035 8463952 7800599 8633092 8233474 6367821 8145034 8103344 7492486 8403078 8441840 7295469 6559325 7331154 6849855 10140061 7205472 7040088 8175055 9416676 6617221 8750963 6800570 9102193 9124268 8943740 8740096 8910267 9435285 8543051 
6514020 6626558 10397092 8387505 6605207 8281992 8721730 6397656 7756175 9385891 8463980 8407771 8937850 7238233 7274746 7063563 6644118 10032284 7466955 6798884 8183954 8206218 6954450 9289810 7275321 9560505 8222046 8054730 8035676 8956391 9390226 7993274 
5715329 7195573 9076374 8538043 6867979 7728188 7872752 5991747 7692794 9536087 6321891 7132152 7257973 7354102 6050222 7301691 7618332 9798949 6782459 7276926 7551440 7626206 6741479 9755342 6345788 8952662 7017863 8871113 8328566 8856285 9386688 8457710 
6286430 7084921 8970590 8606576 6666105 8244392 7555602 6220841 7867351 7977884 7343024 7951361 8201770 7349121 7817873 6740500 7474030 9906374 7619800 7406379 7863309 8749957 7091685 10154476 7515980 9086525 7775281 9400445 8038595 9276946 9536403 8614292 
6360844 6825761 9957403 8888591 7457160 8007847 7975842 6360029 8029579 9217331 6587855 7664894 7869759 7820359 6457676 8609723 7382126 9118158 6617934 8498893 7702716 8500483 8413880 9238645 6792922 8897480 7966430 8400099 9019307 8490465 10141921 7955137 
5317324 6958835 9138050 7905439 7143896 7592882 7489803 5245006 7009602 7571167 7113951 6810830 7663922 6153960 6148598 6505370 6295905 8054062 6394227 6948683 7495735 7986402 6639924 8317550 6303508 8576187 7689046 8214102 6728259 7407881 7971648 7717744 
5720230 7551885 9783373 9578698 6824339 7944201 6981718 6025655 7255071 8593045 6771023 8141653 7389271 7423694 7275927 7834146 7106800 10235485 6932246 8285226 7287979 9092778 7393954 9150641 7132798 9149037 8056863 8785210 7691933 7934225 9773921 8929034 
6937416 8082764 10232277 8597620 8758032 8430944 9399410 6771582 8204363 9096334 8368980 8330871 9094336 6884810 8149089 8118804 7825019 9947334 8726949 8434427 8733369 9608889 7324716 9801414 8008385 10057439 8769359 9619760 8782444 9705124 11095245 9542114 
6245869 7050902 10363342 8924867 7311376 7934765 7135067 6329573 7659212 8042874 6954141 7905332 8039379 6094838 6268681 8189909 7002735 10625058 7371802 7596508 8146322 8236540 6414119 9061213 6503319 9018263 8016311 9070124 8204542 9207832 8808993 9162418 
6252357 6943412 10279627 8179797 7740070 7498410 9356967 7294292 8482990 10277413 7249887 7594321 8442629 7081513 8083087 8312654 7581398 10185191 8293286 8475391 8895824 8428500 7435770 9849779 7641251 9006340 8224895 9196841 9199862 9279488 9509131 8858972 
6812583 8210781 10625666 10103679 8019987 9194311 8760648 6758294 8661883 10349826 7832797 8986620 8731258 7913381 7962545 9229385 7743782 10866568 8334947 8220955 8906476 9479233 8049382 10149827 8435864 10608781 8334546 10010676 8576272 10537723 11065554 10273504 
6025653 7278779 8735878 8155896 7323796 7734525 7667690 6417253 7368441 8471017 7590022 7677075 8801368 6720442 7582950 7318944 6712436 9264794 8135399 7788854 8420730 8540460 6647504 9271441 7295012 9179742 8095680 8529169 7338757 8134177 10204196 8664017 
7270654 7888979 11810368 9845871 8798529 9173780 8672689 6873136 8813423 10187015 7793327 9373366 9070099 8854413 7938974 9690634 7599007 11187094 7368632 8914499 8954104 9921763 8644351 10129381 8163424 9845300 9221407 9666958 9280550 9339301 11145185 8851779 
5894622 5893957 10592986 8285509 6653446 6506757 7789428 6746313 7257823 8697175 6355983 6620546 8104625 6089731 6481660 7730066 5752593 9649169 5085185 6822288 6630698 7837436 5693271 7593263 6590726 7643720 7325736 7626328 7596717 7825268 7848178 7667751 
6854338 6672618 10855131 8430875 6700450 7179238 8793405 7540864 7148885 9343111 6926509 8658955 7922176 7253889 7414732 8145585 6248282 10700660 7089755 7658339 7223603 8946911 6968965 8702299 7582870 8635463 8783417 8419160 8421685 8998691 9712019 8734903 
8227201 7735615 11422414 10250481 8690145 8888600 8989719 7732209 9195585 10327935 7926870 9276167 8759222 8158487 8299146 9600959 7260917 11733461 8816445 8637092 9222801 10478610 7981692 10193340 8035773 10279579 9949170 9780750 9636029 11133524 11130656 9907487 
5912905 6461173 8739794 7891494 7486239 6575566 7684521 5697322 7217333 7501109 6393521 6746192 7137863 6436231 7135347 6788725 5866490 8701664 6380058 7220893 6604827 8200520 6729297 8318950 6226071 7900809 7395470 7911508 7283909 8428261 8603512 8155547 
6054336 6433465 9820333 9017991 6713572 6808007 7971861 6131479 7269084 8665398 7033745 8272906 7905800 6630181 7229376 7106809 6207267 9445722 6918170 6849014 7783823 7616740 5664964 7692972 7421943 8491651 8043096 8001554 7485321 8178873 8789473 8759478 
5873566 6713816 8983332 8018141 5888775 6473963 7138481 5718639 5936326 7205728 7003287 7723546 7433146 6293065 6434532 6860975 5923482 9295351 6400077 6026480 6452606 8048510 5404453 7480456 6195672 8278919 7801553 7162475 6004332 7898032 9120871 7902504 
6531096 5923024 9420796 8760237 7240013 8166351 7758987 5060877 7605066 9015696 6881828 8162246 8296394 7901339 7113406 7554878 6349914 8864844 6462206 7255134 8241174 7770704 7340033 9180455 6783278 8601821 7326009 8249347 7976019 8121004 9541676 8134757 
7579209 8015703 11325584 9786888 7446006 7979093 8728329 7137215 8148438 8718394 8115095 9225045 8976862 8342833 7376267 8593751 8191823 11111777 7420180 8699730 8002568 9982052 7879129 9726141 7532307 10070946 9091438 9061902 8855311 9006072 10982912 8707819 
8266103 7894364 12615796 10869654 8187924 9503772 9944102 6884082 9233961 11078453 8617018 10182429 9941751 8068100 8458720 8978778 8001802 12166844 8552018 8353497 9938397 9594556 7572900 10521091 8745315 10375606 9529044 9630010 9831886 10121269 11162984 9596606 
6330585 7543829 9549253 9042955 7308963 7875214 7378570 6163078 7990149 8653602 6404091 8062784 7764999 7667948 7101617 7523931 7391876 9621843 7125439 8512137 7625211 8243399 7063330 9575084 7087025 8746755 8360527 9229822 8472246 8459035 9998366 8649929 
6937789 7719713 10595581 8654887 7160087 8657126 8459292 6852374 8292427 8891260 8417314 8539892 8831769 6915232 8083494 7106390 6571624 10137900 8158713 7719535 8512218 9609396 6523109 9717379 8017315 9618994 9123155 9189523 8596439 9365229 10113602 8763777 
5734846 6585823 9402940 9072512 7485843 7151805 7318928 6560440 7640326 7905663 6432016 7447016 8382689 6901349 7149383 7058937 6748070 9813773 6751645 7802845 6918664 8273216 6795375 9414570 7039076 8521687 7763480 9439099 8140485 7759644 9493152 8683672 
6771611 7224712 10479693 7987457 7500394 7814355 8620079 7126904 8484060 9510114 7762204 8022692 8792236 8314588 7154018 8453786 7481019 9928670 6165890 8126069 8069782 9548228 7309280 9058435 7796522 9617677 7766145 9242862 8601636 8664360 10204953 8047640 
