LINHAS = 8
COLUNAS = 8
2180022 1750381 2042130 2243482 2907458 1540064 2656919 1924601 
1725039 2251179 1134861 1434612 2352623 1118328 2256844 1531873 
3286143 3154980 2506347 2886791 4217778 2038355 4110365 2737136 
2218654 2081198 1310899 1628623 2614393 1228081 2389244 1533156 
2630030 2580217 1983213 2301850 3366778 1644829 3063006 2291686 
1066267 1122007 885397 1121107 1422054 897524 1260164 908619 
1089540 1168447 1071820 1037637 1141846 687649 1620375 897378 
2358125 1670953 1848080 1976630 2945387 1146957 2787385 2048878 
